0 -1.29386e-24 	 0
1 1.03823e-24 	 6.82496e-25
2 -3.71497e-25 	 -1.11175e-24
3 -4.44302e-25 	 1.12576e-24
4 1.08629e-24 	 -7.13433e-25
5 -1.29591e-24 	 2.14807e-26
6 9.80758e-25 	 6.95074e-25
7 -2.54e-25 	 -1.16314e-24
8 -6.04459e-25 	 1.19202e-24
9 1.25163e-24 	 -7.48491e-25
10 -1.41214e-24 	 -2.20665e-26
11 9.87416e-25 	 8.39633e-25
12 -1.02016e-25 	 -1.38682e-24
13 -9.32093e-25 	 1.42736e-24
14 1.72299e-24 	 -9.03467e-25
15 -1.94143e-24 	 -2.62633e-26
16 1.44829e-24 	 1.02749e-24
17 -3.60305e-25 	 -1.70138e-24
18 -9.72428e-25 	 1.73115e-24
19 2.07417e-24 	 -1.01271e-24
20 -2.50359e-24 	 -2.80748e-25
21 2.01411e-24 	 1.73021e-24
22 -6.59663e-25 	 -2.79605e-24
23 -1.19341e-24 	 3.0004e-24
24 2.9587e-24 	 -2.10673e-24
25 -4.00288e-24 	 2.33007e-25
26 3.84864e-24 	 2.14621e-24
27 -2.34397e-24 	 -4.31824e-24
28 -2.58218e-25 	 5.53976e-24
29 3.34056e-24 	 -5.2704e-24
30 -6.07591e-24 	 3.3577e-24
31 7.65406e-24 	 -1.12078e-25
32 -7.51457e-24 	 -3.75584e-24
33 5.51575e-24 	 7.31966e-24
34 -1.98752e-24 	 -9.68869e-24
35 -2.34901e-24 	 1.02507e-23
36 6.57205e-24 	 -8.83365e-24
37 -9.80284e-24 	 5.73914e-24
38 1.14302e-23 	 -1.64341e-24
39 -1.12504e-23 	 -2.60093e-24
40 9.48611e-24 	 6.19773e-24
41 -6.68451e-24 	 -8.60446e-24
42 3.53455e-24 	 9.63838e-24
43 -6.64131e-25 	 -9.46849e-24
44 -1.51926e-24 	 8.50718e-24
45 2.89978e-24 	 -7.24599e-24
46 -3.62421e-24 	 6.09303e-24
47 3.99421e-24 	 -5.26384e-24
48 -4.32553e-24 	 4.75412e-24
49 4.82625e-24 	 -4.3928e-24
50 -5.53391e-24 	 3.94636e-24
51 6.32665e-24 	 -3.23092e-24
52 -6.99509e-24 	 2.19018e-24
53 7.34105e-24 	 -9.13923e-25
54 -7.26272e-24 	 -4.03912e-25
55 6.79437e-24 	 1.5459e-24
56 -6.08921e-24 	 -2.35612e-24
57 5.35627e-24 	 2.79599e-24
58 -4.77935e-24 	 -2.95102e-24
59 4.45074e-24 	 2.98903e-24
60 -4.34479e-24 	 -3.08901e-24
61 4.33903e-24 	 3.37022e-24
62 -4.27178e-24 	 -3.8492e-24
63 4.01144e-24 	 4.44011e-24
64 -3.50974e-24 	 -4.9957e-24
65 2.81879e-24 	 5.37074e-24
66 -2.06716e-24 	 -5.48154e-24
67 1.40654e-24 	 5.33807e-24
68 -9.51452e-25 	 -5.03744e-24
69 7.3636e-25 	 4.72286e-24
70 -7.06154e-25 	 -4.52621e-24
71 7.42485e-25 	 4.51755e-24
72 -7.13811e-25 	 -4.68156e-24
73 5.28315e-25 	 4.92883e-24
74 -1.68519e-25 	 -5.13614e-24
75 -3.05368e-25 	 5.19823e-24
76 7.83381e-25 	 -5.06995e-24
77 -1.15248e-24 	 4.78233e-24
78 1.34252e-24 	 -4.42725e-24
79 -1.35302e-24 	 4.11816e-24
80 1.25071e-24 	 -3.94379e-24
81 -1.14004e-24 	 3.93354e-24
82 1.11945e-24 	 -4.04835e-24
83 -1.2418e-24 	 4.19953e-24
84 1.49468e-24 	 -4.28704e-24
85 -1.80803e-24 	 4.24097e-24
86 2.08497e-24 	 -4.04925e-24
87 -2.24253e-24 	 3.76096e-24
88 2.24541e-24 	 -3.46445e-24
89 -2.11915e-24 	 3.2503e-24
90 1.93814e-24 	 -3.17437e-24
91 -1.79393e-24 	 3.23616e-24
92 1.75764e-24 	 -3.38081e-24
93 -1.85168e-24 	 3.52312e-24
94 2.04231e-24 	 -3.58331e-24
95 -2.25531e-24 	 3.51946e-24
96 2.40777e-24 	 -3.34355e-24
97 -2.44245e-24 	 3.11497e-24
98 2.3507e-24 	 -2.91481e-24
99 -2.17476e-24 	 2.81188e-24
100 1.98916e-24 	 -2.83478e-24
101 -1.8693e-24 	 2.96105e-24
102 1.86057e-24 	 -3.12772e-24
103 -1.96048e-24 	 3.25809e-24
104 2.12098e-24 	 -3.29358e-24
105 -2.26938e-24 	 3.21729e-24
106 2.33888e-24 	 -3.05985e-24
107 -2.29592e-24 	 2.88562e-24
108 2.15324e-24 	 -2.76525e-24
109 -1.96347e-24 	 2.7464e-24
110 1.79658e-24 	 -2.83453e-24
111 -1.71058e-24 	 2.99159e-24
112 1.72788e-24 	 -3.15266e-24
113 -1.82684e-24 	 3.25323e-24
114 1.9516e-24 	 -3.25584e-24
115 -2.03592e-24 	 3.16484e-24
116 2.0307e-24 	 -3.02366e-24
117 -1.92391e-24 	 2.896e-24
118 1.74471e-24 	 -2.83901e-24
119 -1.55058e-24 	 2.8798e-24
120 1.40293e-24 	 -3.00478e-24
121 -1.3416e-24 	 3.16608e-24
122 1.3688e-24 	 -3.30198e-24
123 -1.44894e-24 	 3.36264e-24
124 1.52407e-24 	 -3.33048e-24
125 -1.5383e-24 	 3.22672e-24
126 1.46091e-24 	 -3.10184e-24
127 -1.29856e-24 	 3.01402e-24
128 1.0918e-24 	 -3.00486e-24
129 -8.97679e-25 	 3.08238e-24
130 7.65709e-25 	 -3.21822e-24
131 -7.17535e-25 	 3.36e-24
132 7.38445e-25 	 -3.45335e-24
133 -7.84137e-25 	 3.46445e-24
134 7.99628e-25 	 -3.39356e-24
135 -7.42261e-25 	 3.27428e-24
136 5.99201e-25 	 -3.1589e-24
137 -3.92254e-25 	 3.09632e-24
138 1.68247e-25 	 -3.11165e-24
139 2.08036e-26 	 3.19611e-24
140 -1.39339e-25 	 -3.31109e-24
141 1.82695e-25 	 3.40459e-24
142 -1.78478e-25 	 -3.43291e-24
143 1.74504e-25 	 3.37858e-24
144 -2.18546e-25 	 -3.2571e-24
145 3.38406e-25 	 3.10982e-24
146 -5.30592e-25 	 -2.98625e-24
147 7.62164e-25 	 2.92323e-24
148 -9.84767e-25 	 -2.92963e-24
149 1.15485e-24 	 2.98302e-24
150 -1.25154e-24 	 -3.03934e-24
151 1.28486e-24 	 3.05144e-24
152 -1.2909e-24 	 -2.98868e-24
153 1.31627e-24 	 2.84932e-24
154 -1.39833e-24 	 -2.66074e-24
155 1.54959e-24 	 2.46754e-24
156 -1.75262e-24 	 -2.31264e-24
157 1.96745e-24 	 2.21939e-24
158 -2.14832e-24 	 -2.1821e-24
159 2.26245e-24 	 2.1688e-24
160 -2.30325e-24 	 -2.13495e-24
161 2.29241e-24 	 2.04226e-24
162 -2.27012e-24 	 -1.87458e-24
163 2.27779e-24 	 1.64449e-24
164 -2.3404e-24 	 -1.38782e-24
165 2.45602e-24 	 1.14856e-24
166 -2.59664e-24 	 -9.60727e-25
167 2.71981e-24 	 8.34566e-25
168 -2.7863e-24 	 -7.52988e-25
169 2.77612e-24 	 6.79443e-25
170 -2.69638e-24 	 -5.73872e-25
171 2.57785e-24 	 4.09951e-25
172 -2.46172e-24 	 -1.86417e-25
173 2.38222e-24 	 -7.21708e-26
174 -2.35249e-24 	 3.25429e-25
175 2.35948e-24 	 -5.33613e-25
176 -2.36985e-24 	 6.73613e-25
177 2.34451e-24 	 -7.47827e-25
178 -2.25525e-24 	 7.82328e-25
179 2.09693e-24 	 -8.15222e-25
180 -1.88979e-24 	 8.80203e-25
181 1.67127e-24 	 -9.92214e-25
182 -1.48078e-24 	 1.1412e-24
183 1.34383e-24 	 -1.29646e-24
184 -1.26215e-24 	 1.4196e-24
185 1.21388e-24 	 -1.48073e-24
186 -1.16355e-24 	 1.47089e-24
187 1.07763e-24 	 -1.40576e-24
188 -9.39041e-25 	 1.31909e-24
189 7.54557e-25 	 -1.24871e-24
190 -5.52123e-25 	 1.22104e-24
191 3.69263e-25 	 -1.2406e-24
192 -2.37549e-25 	 1.2888e-24
193 1.6967e-25 	 -1.33234e-24
194 -1.54463e-25 	 1.33776e-24
195 1.61916e-25 	 -1.28577e-24
196 -1.55947e-25 	 1.1796e-24
197 1.09527e-25 	 -1.04375e-24
198 -1.58272e-26 	 9.13891e-25
199 -1.09244e-25 	 -8.22157e-25
200 2.34058e-25 	 7.84027e-25
201 -3.24804e-25 	 -7.92286e-25
202 3.59807e-25 	 8.20487e-25
203 -3.38628e-25 	 -8.34386e-25
204 2.82191e-25 	 8.06492e-25
205 -2.23976e-25 	 -7.27621e-25
206 1.96057e-25 	 6.10662e-25
207 -2.15864e-25 	 -4.8505e-25
208 2.79204e-25 	 3.84358e-25
209 -3.62397e-25 	 -3.32257e-25
210 4.32515e-25 	 3.3274e-25
211 -4.61392e-25 	 -3.68654e-25
212 4.3747e-25 	 4.09087e-25
213 -3.7059e-25 	 -4.22425e-25
214 2.87756e-25 	 3.89583e-25
215 -2.21774e-25 	 -3.11853e-25
216 1.97556e-25 	 2.10153e-25
217 -2.21862e-25 	 -1.16059e-25
218 2.80721e-25 	 5.84592e-26
219 -3.45542e-25 	 -5.1449e-26
220 3.85275e-25 	 8.85346e-26
221 -3.79476e-25 	 -1.45505e-25
222 3.26805e-25 	 1.90697e-25
223 -2.45444e-25 	 -1.98287e-25
224 1.65348e-25 	 1.59018e-25
225 -1.15627e-25 	 -8.38868e-26
226 1.12402e-25 	 -6.73737e-28
227 -1.52193e-25 	 6.40416e-26
228 2.13576e-25 	 -8.42966e-26
229 -2.66323e-25 	 5.73523e-26
230 2.84146e-25 	 1.46669e-27
231 -2.55678e-25 	 -6.39922e-26
232 1.89106e-25 	 1.01102e-25
233 -1.08586e-25 	 -9.49062e-26
234 4.39882e-26 	 4.61196e-26
235 -1.83514e-26 	 2.64182e-26
236 3.82923e-26 	 -9.38097e-26
237 -9.13786e-26 	 1.29306e-25
238 1.51499e-25 	 -1.19505e-25
239 -1.8992e-25 	 6.98576e-26
240 1.87343e-25 	 -2.23537e-27
241 -1.41918e-25 	 -5.43684e-26
242 6.98806e-26 	 7.60353e-26
243 1.39752e-27 	 -5.38915e-26
244 -4.49564e-26 	 -2.30866e-27
245 4.55338e-26 	 6.84334e-26
246 -5.8563e-27 	 -1.16211e-25
247 -5.46593e-26 	 1.25119e-25
248 1.08187e-25 	 -9.09251e-26
249 -1.3023e-25 	 2.73425e-26
250 1.09873e-25 	 3.98531e-26
251 -5.42526e-26 	 -8.37059e-26
252 -1.45596e-26 	 8.73682e-26
253 6.89229e-26 	 -5.10613e-26
254 -8.72461e-26 	 -8.17405e-27
255 6.29843e-26 	 6.37746e-26
256 -7.26121e-27 	 -9.08858e-26
257 -5.59323e-26 	 7.67898e-26
258 9.98912e-26 	 -2.61662e-26
259 -1.06406e-25 	 -4.09794e-26
260 7.3323e-26 	 9.77947e-26
261 -1.53084e-26 	 -1.21865e-25
262 -4.24399e-26 	 1.04551e-25
263 7.48565e-26 	 -5.44885e-26
264 -6.75362e-26 	 -6.18704e-27
265 2.27164e-26 	 5.12334e-26
266 4.176e-26 	 -6.1348e-26
267 -1.00016e-25 	 3.22168e-26
268 1.29024e-25 	 2.37842e-26
269 -1.1821e-25 	 -8.29003e-26
270 7.37719e-26 	 1.20045e-25
271 -1.59316e-26 	 -1.19333e-25
272 -2.96739e-26 	 8.06831e-26
273 4.28046e-26 	 -1.9749e-26
274 -1.70879e-26 	 -3.87453e-26
275 -3.73901e-26 	 7.14205e-26
276 9.84168e-26 	 -6.60167e-26
277 -1.41043e-25 	 2.64338e-26
278 1.48057e-25 	 2.90412e-26
279 -1.17145e-25 	 -7.55289e-26
280 6.17483e-26 	 9.20602e-26
281 -5.32223e-27 	 -7.03663e-26
282 -2.85744e-26 	 1.82795e-26
283 2.61539e-26 	 4.36434e-26
284 1.08934e-26 	 -9.08117e-26
285 -6.62267e-26 	 1.04926e-25
286 1.15825e-25 	 -8.15975e-26
287 -1.3813e-25 	 3.20787e-26
288 1.23093e-25 	 2.1569e-26
289 -7.63253e-26 	 -5.58105e-26
290 1.66546e-26 	 5.5524e-26
291 3.18456e-26 	 -2.02893e-26
292 -4.99773e-26 	 -3.55346e-26
293 3.14251e-26 	 8.89349e-26
294 1.46932e-26 	 -1.17962e-25
295 -6.77667e-26 	 1.10937e-25
296 1.04425e-25 	 -7.12954e-26
297 -1.08372e-25 	 1.60508e-26
298 7.71805e-26 	 3.14199e-26
299 -2.3228e-26 	 -5.12195e-26
300 -3.15922e-26 	 3.52485e-26
301 6.51164e-26 	 9.48051e-27
302 -6.42114e-26 	 -6.38899e-26
303 3.02282e-26 	 1.04928e-25
304 2.16574e-26 	 -1.15274e-25
305 -6.88989e-26 	 9.05811e-26
306 9.10854e-26 	 -4.12184e-26
307 -7.84901e-26 	 -1.21632e-26
308 3.60823e-26 	 4.73615e-26
309 1.86537e-26 	 -4.99475e-26
310 -6.31378e-26 	 1.92707e-26
311 7.92057e-26 	 3.13552e-26
312 -6.07088e-26 	 -8.03282e-26
313 1.60241e-26 	 1.06878e-25
314 3.55475e-26 	 -9.97779e-26
315 -7.19457e-26 	 6.20029e-26
316 7.76246e-26 	 -9.39023e-27
317 -5.00358e-26 	 -3.60857e-26
318 6.17982e-28 	 5.55765e-26
319 5.00905e-26 	 -4.12551e-26
320 -8.11291e-26 	 -4.62634e-28
321 7.9918e-26 	 5.16947e-26
322 -4.749e-26 	 -9.06661e-26
323 -2.02337e-27 	 1.00871e-25
324 4.74015e-26 	 -7.79706e-26
325 -6.92868e-26 	 3.15387e-26
326 5.83022e-26 	 1.90386e-26
327 -1.89323e-26 	 -5.27617e-26
328 -3.24379e-26 	 5.58441e-26
329 7.44691e-26 	 -2.746e-26
330 -8.98544e-26 	 -1.99844e-26
331 7.25618e-26 	 6.61363e-26
332 -3.03009e-26 	 -9.12877e-26
333 -1.87935e-26 	 8.46488e-26
334 5.38376e-26 	 -4.88283e-26
335 -5.99846e-26 	 -1.33596e-27
336 3.46273e-26 	 4.5075e-26
337 1.15742e-26 	 -6.44419e-26
338 -5.9243e-26 	 5.18305e-26
339 8.84704e-26 	 -1.31101e-26
340 -8.71802e-26 	 -3.49159e-26
341 5.61579e-26 	 7.16291e-26
342 -8.65059e-27 	 -8.1278e-26
343 -3.5264e-26 	 5.9568e-26
344 5.71461e-26 	 -1.54044e-26
345 -4.79285e-26 	 -3.29185e-26
346 1.16732e-26 	 6.54513e-26
347 3.62074e-26 	 -6.89766e-26
348 -7.5486e-26 	 4.25253e-26
349 8.96439e-26 	 2.28226e-27
350 -7.279e-26 	 -4.61834e-26
351 3.20795e-26 	 7.04047e-26
352 1.53609e-26 	 -6.4545e-26
353 -4.96803e-26 	 3.09005e-26
354 5.66569e-26 	 1.65662e-26
355 -3.36434e-26 	 -5.81525e-26
356 -9.38138e-27 	 7.6722e-26
357 5.40695e-26 	 -6.489e-26
358 -8.14551e-26 	 2.80753e-26
359 7.9925e-26 	 1.78429e-26
360 -5.00592e-26 	 -5.32503e-26
361 4.32406e-27 	 6.30583e-26
362 3.8226e-26 	 -4.30216e-26
363 -5.99881e-26 	 1.46809e-27
364 5.21995e-26 	 4.42617e-26
365 -1.85745e-26 	 -7.51443e-26
366 -2.63188e-26 	 7.84721e-26
367 6.32353e-26 	 -5.31597e-26
368 -7.63629e-26 	 1.01393e-26
369 5.99517e-26 	 3.22949e-26
370 -2.06818e-26 	 -5.62125e-26
371 -2.52019e-26 	 5.15813e-26
372 5.87602e-26 	 -2.04456e-26
373 -6.63282e-26 	 -2.3991e-26
374 4.52281e-26 	 6.29682e-26
375 -4.83812e-27 	 -8.00799e-26
376 -3.74107e-26 	 6.81573e-26
377 6.34015e-26 	 -3.22379e-26
378 -6.19521e-26 	 -1.26091e-26
379 3.34839e-26 	 4.76626e-26
380 1.02073e-26 	 -5.84327e-26
381 -5.09605e-26 	 4.07276e-26
382 7.19095e-26 	 -2.36401e-27
383 -6.4564e-26 	 -4.01789e-26
384 3.23363e-26 	 6.87297e-26
385 1.0949e-26 	 -7.10736e-26
386 -4.69154e-26 	 4.60628e-26
387 6.03787e-26 	 -4.05051e-27
388 -4.57138e-26 	 -3.75103e-26
389 9.17363e-27 	 6.14325e-26
390 3.37963e-26 	 -5.8015e-26
391 -6.50944e-26 	 2.90838e-26
392 7.15864e-26 	 1.28308e-26
393 -5.06061e-26 	 -4.98112e-26
394 1.10304e-26 	 6.611e-26
395 3.05018e-26 	 -5.47609e-26
396 -5.66179e-26 	 2.04673e-26
397 5.65154e-26 	 2.24265e-26
398 -3.04716e-26 	 -5.60087e-26
399 -1.03239e-26 	 6.63454e-26
400 4.85242e-26 	 -4.93206e-26
401 -6.79463e-26 	 1.23231e-26
402 6.03712e-26 	 2.89105e-26
403 -2.89652e-26 	 -5.69484e-26
404 -1.30996e-26 	 5.99983e-26
405 4.82258e-26 	 -3.684e-26
406 -6.18068e-26 	 -2.70878e-27
407 4.83537e-26 	 4.19696e-26
408 -1.37625e-26 	 -6.44461e-26
409 -2.72152e-26 	 6.07597e-26
410 5.72132e-26 	 -3.25638e-26
411 -6.35637e-26 	 -8.19867e-27
412 4.36042e-26 	 4.43592e-26
413 -5.75411e-27 	 -6.07638e-26
414 -3.40721e-26 	 5.06345e-26
415 5.91884e-26 	 -1.83827e-26
416 -5.91564e-26 	 -2.22948e-26
417 3.41483e-26 	 5.42149e-26
418 5.16932e-27 	 -6.39497e-26
419 -4.21646e-26 	 4.74571e-26
420 6.12577e-26 	 -1.17426e-26
421 -5.44668e-26 	 -2.81327e-26
422 2.47321e-26 	 5.54177e-26
423 1.53672e-26 	 -5.8722e-26
424 -4.89427e-26 	 3.67837e-26
425 6.19178e-26 	 1.04188e-27
426 -4.89359e-26 	 -3.87592e-26
427 1.55779e-26 	 6.04857e-26
428 2.4029e-26 	 -5.71293e-26
429 -5.31868e-26 	 3.0184e-26
430 5.96588e-26 	 8.9422e-27
431 -4.0798e-26 	 -4.37652e-26
432 4.62117e-27 	 5.96777e-26
433 3.36047e-26 	 -5.00848e-26
434 -5.78117e-26 	 1.91461e-26
435 5.78913e-26 	 2.00166e-26
436 -3.39208e-26 	 -5.08731e-26
437 -3.90989e-27 	 6.04499e-26
438 3.96242e-26 	 -4.47723e-26
439 -5.82012e-26 	 1.05008e-26
440 5.18897e-26 	 2.79114e-26
441 -2.34394e-26 	 -5.43272e-26
442 -1.50958e-26 	 5.77181e-26
443 4.74638e-26 	 -3.67822e-26
444 -6.00653e-26 	 4.53033e-28
445 4.76632e-26 	 3.58975e-26
446 -1.5553e-26 	 -5.69502e-26
447 -2.27046e-26 	 5.38816e-26
448 5.10183e-26 	 -2.80505e-26
449 -5.75432e-26 	 -9.61156e-27
450 3.96453e-26 	 4.32348e-26
451 -4.974e-27 	 -5.8704e-26
452 -3.17948e-26 	 4.95885e-26
453 5.51588e-26 	 -1.98181e-26
454 -5.5313e-26 	 -1.8009e-26
455 3.22529e-26 	 4.79568e-26
456 4.25952e-27 	 -5.74665e-26
457 -3.88379e-26 	 4.26255e-26
458 5.69634e-26 	 -9.77996e-27
459 -5.10883e-26 	 -2.71731e-26
460 2.37843e-26 	 5.26595e-26
461 1.3376e-26 	 -5.59853e-26
462 -4.47197e-26 	 3.58175e-26
463 5.70807e-26 	 -7.10346e-28
464 -4.53277e-26 	 -3.45282e-26
465 1.44932e-26 	 5.50875e-26
466 2.23813e-26 	 -5.23839e-26
467 -4.97597e-26 	 2.76483e-26
468 5.61559e-26 	 8.62732e-27
469 -3.89509e-26 	 -4.11359e-26
470 5.46261e-27 	 5.62115e-26
471 3.01674e-26 	 -4.75709e-26
472 -5.29469e-26 	 1.89304e-26
473 5.33419e-26 	 1.75938e-26
474 -3.12676e-26 	 -4.66119e-26
475 -3.90899e-27 	 5.5946e-26
476 3.73429e-26 	 -4.17414e-26
477 -5.49743e-26 	 1.00589e-26
478 4.94399e-26 	 2.57093e-26
479 -2.31463e-26 	 -5.04987e-26
480 -1.2776e-26 	 5.39153e-26
481 4.3186e-26 	 -3.45916e-26
482 -5.53144e-26 	 7.30865e-28
483 4.41275e-26 	 3.33766e-26
484 -1.44176e-26 	 -5.33852e-26
485 -2.12462e-26 	 5.09287e-26
486 4.78326e-26 	 -2.71186e-26
487 -5.41794e-26 	 -7.95568e-27
488 3.7676e-26 	 3.95023e-26
489 -5.33347e-27 	 -5.42651e-26
490 -2.91975e-26 	 4.60947e-26
491 5.13906e-26 	 -1.85118e-26
492 -5.19574e-26 	 -1.68071e-26
493 3.07369e-26 	 4.49687e-26
494 3.26748e-27 	 -5.41393e-26
495 -3.57063e-26 	 4.0513e-26
496 5.29382e-26 	 -9.88662e-27
497 -4.77665e-26 	 -2.48103e-26
498 2.24451e-26 	 4.89776e-26
499 1.23006e-26 	 -5.24915e-26
500 -4.1814e-26 	 3.39486e-26
501 5.36864e-26 	 -1.22737e-27
502 -4.297e-26 	 -3.18565e-26
503 1.42359e-26 	 5.13816e-26
504 2.03795e-26 	 -4.91775e-26
505 -4.63041e-26 	 2.62438e-26
506 5.26682e-26 	 7.70039e-27
507 -3.68646e-26 	 -3.83329e-26
508 5.61901e-27 	 5.27693e-26
509 2.78697e-26 	 -4.49788e-26
510 -4.95028e-26 	 1.83004e-26
511 5.02164e-26 	 1.59911e-26
512 -2.97782e-26 	 -4.3453e-26
513 -3.14255e-27 	 5.25606e-26
514 3.46505e-26 	 -3.95465e-26
515 -5.1487e-26 	 9.96093e-27
516 4.66062e-26 	 2.36926e-26
517 -2.21207e-26 	 -4.72392e-26
518 -1.16154e-26 	 5.08024e-26
519 4.03879e-26 	 -3.29454e-26
520 -5.21141e-26 	 1.25056e-27
521 4.19196e-26 	 3.08993e-26
522 -1.41664e-26 	 -4.99694e-26
523 -1.94103e-26 	 4.79681e-26
524 4.46623e-26 	 -2.57935e-26
525 -5.09889e-26 	 -7.17137e-27
526 3.57857e-26 	 3.70317e-26
527 -5.51705e-27 	 -5.12404e-26
528 -2.70315e-26 	 4.38729e-26
529 4.8152e-26 	 -1.81e-26
530 -4.89845e-26 	 -1.51738e-26
531 2.92319e-26 	 4.19214e-26
532 2.74077e-27 	 -5.09051e-26
533 -3.34504e-26 	 3.83965e-26
534 4.99842e-26 	 -9.72311e-27
535 -4.54313e-26 	 -2.3e-26
536 2.1773e-26 	 4.59881e-26
537 1.09766e-26 	 -4.95925e-26
538 -3.90079e-26 	 3.23488e-26
539 5.05375e-26 	 -1.56967e-27
540 -4.0761e-26 	 -2.97573e-26
541 1.38546e-26 	 4.84508e-26
542 1.88078e-26 	 -4.66828e-26
543 -4.34621e-26 	 2.52574e-26
544 4.97527e-26 	 6.75247e-27
545 -3.50811e-26 	 -3.58462e-26
546 5.67828e-27 	 4.97895e-26
547 2.60424e-26 	 -4.2759e-26
548 -4.67261e-26 	 1.7775e-26
549 4.7699e-26 	 1.45947e-26
550 -2.8606e-26 	 -4.07028e-26
551 -2.46334e-27 	 4.95753e-26
552 3.24025e-26 	 -3.75221e-26
553 -4.86175e-26 	 9.67073e-27
554 4.43256e-26 	 2.22158e-26
555 -2.13941e-26 	 -4.47073e-26
556 -1.04697e-26 	 4.83629e-26
557 3.78252e-26 	 -3.1694e-26
558 -4.91658e-26 	 1.76889e-27
559 3.97571e-26 	 2.87848e-26
560 -1.36109e-26 	 -4.71095e-26
561 -1.82259e-26 	 4.553e-26
562 4.23399e-26 	 -2.47695e-26
563 -4.86025e-26 	 -6.37701e-27
564 3.44249e-26 	 3.47664e-26
565 -5.82709e-27 	 -4.84509e-26
566 -2.51181e-26 	 4.17042e-26
567 4.53826e-26 	 -1.7416e-26
568 -4.64692e-26 	 -1.41469e-26
569 2.7976e-26 	 3.96811e-26
570 2.25583e-27 	 -4.84539e-26
571 -3.14639e-26 	 3.68149e-26
572 4.73501e-26 	 -9.7138e-27
573 -4.32563e-26 	 -2.14044e-26
574 2.09529e-26 	 4.34338e-26
575 1.01278e-26 	 -4.71289e-26
576 -3.68813e-26 	 3.09861e-26
577 4.80566e-26 	 -1.85689e-27
578 -3.89879e-26 	 -2.79573e-26
579 1.35417e-26 	 4.58981e-26
580 1.75316e-26 	 -4.44374e-26
581 -4.1141e-26 	 2.42347e-26
582 4.7371e-26 	 6.16109e-27
583 -3.36482e-26 	 -3.39296e-26
584 5.80619e-27 	 4.73869e-26
585 2.43918e-26 	 -4.09017e-26
586 -4.42195e-26 	 1.72509e-26
587 4.53485e-26 	 1.35695e-26
588 -2.73439e-26 	 -3.85706e-26
589 -2.17146e-27 	 4.7246e-26
590 3.07454e-26 	 -3.59891e-26
591 -4.63509e-26 	 9.59424e-27
592 4.24482e-26 	 2.07819e-26
593 -2.07256e-26 	 -4.23336e-26
594 -9.63112e-27 	 4.60018e-26
595 3.58237e-26 	 -3.02795e-26
596 -4.68384e-26 	 1.82901e-27
597 3.80786e-26 	 2.7343e-26
598 -1.32851e-26 	 -4.49528e-26
599 -1.70592e-26 	 4.36129e-26
600 4.01588e-26 	 -2.39307e-26
601 -4.62991e-26 	 -5.76564e-27
602 3.29299e-26 	 3.29516e-26
603 -5.72309e-27 	 -4.61897e-26
604 -2.38348e-26 	 3.99425e-26
605 4.32923e-26 	 -1.68901e-26
606 -4.44782e-26 	 -1.32171e-26
607 2.69328e-26 	 3.76812e-26
608 1.91622e-27 	 -4.62103e-26
609 -2.98988e-26 	 3.52471e-26
610 4.52382e-26 	 -9.4517e-27
611 -4.15083e-26 	 -2.02791e-26
612 2.03278e-26 	 4.14145e-26
613 9.34028e-27 	 -4.50701e-26
614 -3.49794e-26 	 2.9741e-26
615 4.57986e-26 	 -1.91933e-27
616 -3.72731e-26 	 -2.66573e-26
617 1.30358e-26 	 4.39598e-26
618 1.66705e-26 	 -4.27333e-26
619 -3.93211e-26 	 2.35417e-26
620 4.53889e-26 	 5.48771e-27
621 -3.235e-26 	 -3.21032e-26
622 5.73138e-27 	 4.50977e-26
623 2.32339e-26 	 -3.90258e-26
624 -4.23494e-26 	 1.6485e-26
625 4.35936e-26 	 1.29958e-26
626 -2.64882e-26 	 -3.69842e-26
627 -1.71671e-27 	 4.53862e-26
628 2.91128e-26 	 -3.4692e-26
629 -4.41589e-26 	 9.44091e-27
630 4.05407e-26 	 1.9708e-26
631 -1.98188e-26 	 -4.04771e-26
632 -9.24482e-27 	 4.41438e-26
633 3.43926e-26 	 -2.92065e-26
634 -4.50405e-26 	 2.00128e-27
635 3.67321e-26 	 2.59833e-26
636 -1.30029e-26 	 -4.29552e-26
637 -1.61253e-26 	 4.17861e-26
638 3.83785e-26 	 -2.30036e-26
639 -4.44034e-26 	 -5.44668e-27
640 3.17008e-26 	 3.15631e-26
641 -5.66318e-27 	 -4.43505e-26
642 -2.27126e-26 	 3.8449e-26
643 4.14684e-26 	 -1.63801e-26
644 -4.27227e-26 	 -1.25317e-26
645 2.59819e-26 	 3.60989e-26
646 1.66731e-27 	 -4.44099e-26
647 -2.85576e-26 	 3.39978e-26
648 4.33641e-26 	 -9.28774e-27
649 -3.98737e-26 	 -1.92833e-26
650 1.95906e-26 	 3.96739e-26
651 8.91155e-27 	 -4.33129e-26
652 -3.36152e-26 	 2.87019e-26
653 4.4126e-26 	 -2.03239e-27
654 -3.60472e-26 	 -2.54374e-26
655 1.2819e-26 	 4.2134e-26
656 1.57459e-26 	 -4.10434e-26
657 -3.76076e-26 	 2.26562e-26
658 4.35738e-26 	 5.25359e-27
659 -3.1165e-26 	 -3.09167e-26
660 5.64591e-27 	 4.35325e-26
661 2.22074e-26 	 -3.78159e-26
662 -4.06562e-26 	 1.62116e-26
663 4.19452e-26 	 1.21503e-26
664 -2.55601e-26 	 -3.53127e-26
665 -1.56885e-27 	 4.35321e-26
666 2.80001e-26 	 -3.33778e-26
667 -4.26074e-26 	 9.16435e-27
668 3.92647e-26 	 1.88806e-26
669 -1.94158e-26 	 -3.89351e-26
670 -8.54738e-27 	 4.2564e-26
671 3.2833e-26 	 -2.82659e-26
672 -4.3221e-26 	 2.09114e-27
673 3.53641e-26 	 2.49193e-26
674 -1.26071e-26 	 -4.13932e-26
675 -1.54358e-26 	 4.04164e-26
676 3.6942e-26 	 -2.24356e-26
677 -4.28633e-26 	 -4.94341e-27
678 3.07311e-26 	 3.01724e-26
679 -5.68402e-27 	 -4.26307e-26
680 -2.17099e-26 	 3.70964e-26
681 3.99135e-26 	 -1.59344e-26
682 -4.12804e-26 	 -1.19131e-26
683 2.52677e-26 	 3.47047e-26
684 1.34863e-27 	 -4.28492e-26
685 -2.73406e-26 	 3.29406e-26
686 4.17644e-26 	 -9.18125e-27
687 -3.8568e-26 	 -1.84016e-26
688 1.91308e-26 	 3.81883e-26
689 8.33079e-27 	 -4.18627e-26
690 -3.22359e-26 	 2.79077e-26
691 4.25219e-26 	 -2.2316e-27
692 -3.48788e-26 	 -2.4333e-26
693 1.25545e-26 	 4.05992e-26
694 1.50271e-26 	 -3.97373e-26
695 -3.62441e-26 	 2.21426e-26
696 4.2175e-26 	 4.74387e-27
697 -3.03497e-26 	 -2.95814e-26
698 5.77845e-27 	 4.19115e-26
699 2.11713e-26 	 -3.65607e-26
700 -3.91494e-26 	 1.58097e-26
701 4.06039e-26 	 1.15797e-26
702 -2.4954e-26 	 -3.40652e-26
703 -1.17759e-27 	 4.21883e-26
704 2.6766e-26 	 -3.25539e-26
705 -4.1034e-26 	 9.24878e-27
706 3.79897e-26 	 1.78918e-26
707 -1.89413e-26 	 -3.74351e-26
708 -8.0658e-27 	 4.11676e-26
709 3.16482e-26 	 -2.75476e-26
710 -4.18826e-26 	 2.34293e-27
711 3.44819e-26 	 2.38103e-26
712 -1.25908e-26 	 -3.98944e-26
713 -1.45508e-26 	 3.91503e-26
714 3.55085e-26 	 -2.1916e-26
715 -4.14709e-26 	 -4.52692e-27
716 2.99557e-26 	 2.90309e-26
717 -5.84417e-27 	 -4.12823e-26
718 -2.06866e-26 	 3.61427e-26
719 3.84575e-26 	 -1.58036e-26
720 -3.99963e-26 	 -1.11481e-26
721 2.46784e-26 	 3.33562e-26
722 1.02142e-27 	 -4.14809e-26
723 -2.62663e-26 	 3.21278e-26
724 4.04273e-26 	 -9.26758e-27
725 -3.75584e-26 	 -1.7448e-26
726 1.8893e-26 	 3.67595e-26
727 7.68711e-27 	 -4.05431e-26
728 -3.09806e-26 	 2.72268e-26
729 4.11883e-26 	 -2.44198e-27
730 -3.40369e-26 	 -2.33588e-26
731 1.25697e-26 	 3.93104e-26
732 1.41468e-26 	 -3.87103e-26
733 -3.485e-26 	 2.18349e-26
734 4.0827e-26 	 4.18757e-27
735 -2.958e-26 	 -2.83889e-26
736 5.86867e-27 	 4.05848e-26
737 2.03051e-26 	 -3.5662e-26
738 -3.79165e-26 	 1.57237e-26
739 3.95621e-26 	 1.08072e-26
740 -2.45714e-26 	 -3.27446e-26
741 -7.20328e-28 	 4.08532e-26
742 2.56503e-26 	 -3.17355e-26
743 -3.97243e-26 	 9.25371e-27
744 3.70355e-26 	 1.7107e-26
745 -1.8745e-26 	 -3.62406e-26
746 -7.41795e-27 	 4.00999e-26
747 3.042e-26 	 -2.70805e-26
748 -4.05752e-26 	 2.68785e-27
749 3.36223e-26 	 2.27914e-26
750 -1.25112e-26 	 -3.86281e-26
751 -1.38487e-26 	 3.81693e-26
752 3.43493e-26 	 -2.16345e-26
753 -4.03644e-26 	 -3.98676e-27
754 2.93797e-26 	 2.78878e-26
755 -6.04293e-27 	 -4.00017e-26
756 -1.98029e-26 	 3.52401e-26
757 3.72719e-26 	 -1.56297e-26
758 -3.90214e-26 	 -1.05507e-26
759 2.43393e-26 	 3.22656e-26
760 5.64867e-28 	 -4.03742e-26
761 -2.51845e-26 	 3.14781e-26
762 3.91471e-26 	 -9.34533e-27
763 -3.6583e-26 	 -1.66865e-26
764 1.85923e-26 	 3.56497e-26
765 7.22794e-27 	 -3.9569e-26
766 -2.99914e-26 	 2.68161e-26
767 4.01127e-26 	 -2.78799e-27
768 -3.33432e-26 	 -2.23757e-26
769 1.2554e-26 	 3.80702e-26
770 1.34818e-26 	 -3.76934e-26
771 -3.37925e-26 	 2.14222e-26
772 3.9832e-26 	 3.87021e-27
773 -2.90771e-26 	 -2.75179e-26
774 6.08285e-27 	 3.95601e-26
775 1.94449e-26 	 -3.49371e-26
776 -3.6745e-26 	 1.56154e-26
777 3.85359e-26 	 1.02483e-26
778 -2.40794e-26 	 -3.17513e-26
779 -5.15555e-28 	 3.98414e-26
780 2.48749e-26 	 -3.11283e-26
781 -3.87354e-26 	 9.30568e-27
782 3.62684e-26 	 1.64134e-26
783 -1.85315e-26 	 -3.5185e-26
784 -6.98536e-27 	 3.91053e-26
785 2.95225e-26 	 -2.65379e-26
786 -3.95881e-26 	 2.79625e-27
787 3.29566e-26 	 2.21027e-26
788 -1.2443e-26 	 -3.76651e-26
789 -1.32907e-26 	 3.73427e-26
790 3.33922e-26 	 -2.12881e-26
791 -3.93947e-26 	 -3.71645e-27
792 2.8783e-26 	 2.71246e-26
793 -6.04668e-27 	 -3.90741e-26
794 -1.92188e-26 	 3.45424e-26
795 3.63616e-26 	 -1.54584e-26
796 -3.81641e-26 	 -1.01179e-26
797 2.38813e-26 	 3.13989e-26
798 4.51265e-28 	 -3.94188e-26
799 -2.45685e-26 	 3.08106e-26
800 3.83063e-26 	 -9.22019e-27
801 -3.5886e-26 	 -1.62381e-26
802 1.83454e-26 	 3.48282e-26
803 6.90532e-27 	 -3.87195e-26
804 -2.92132e-26 	 2.62851e-26
805 3.91767e-26 	 -2.78138e-27
806 -3.26075e-26 	 -2.18739e-26
807 1.22913e-26 	 3.72873e-26
808 1.31932e-26 	 -3.69709e-26
809 -3.30965e-26 	 2.10741e-26
810 3.90316e-26 	 3.68559e-27
811 -2.85085e-26 	 -2.68609e-26
812 5.97798e-27 	 3.86824e-26
813 1.90509e-26 	 -3.41767e-26
814 -3.60242e-26 	 1.5259e-26
815 3.77941e-26 	 1.00806e-26
816 -2.36289e-26 	 -3.11514e-26
817 -4.83713e-28 	 3.9072e-26
818 2.43676e-26 	 -3.05134e-26
819 -3.79525e-26 	 9.09802e-27
820 3.55198e-26 	 1.61338e-26
821 -1.81102e-26 	 -3.454e-26
822 -6.92105e-27 	 3.83658e-26
823 2.90111e-26 	 -2.60105e-26
824 -3.88464e-26 	 2.6978e-27
825 3.22887e-26 	 2.1733e-26
826 -1.21161e-26 	 -3.69799e-26
827 -1.31541e-26 	 3.66224e-26
828 3.28622e-26 	 -2.08261e-26
829 -3.87021e-26 	 -3.73297e-27
830 2.82226e-26 	 2.66888e-26
831 -5.85603e-27 	 -3.836e-26
832 -1.89567e-26 	 3.38319e-26
833 3.57512e-26 	 -1.50253e-26
834 -3.74531e-26 	 -1.01189e-26
835 2.33591e-26 	 3.0993e-26
836 5.72029e-28 	 -3.87982e-26
837 -2.42377e-26 	 3.02534e-26
838 3.7655e-26 	 -8.97473e-27
839 -3.51709e-26 	 -1.60552e-26
840 1.78428e-26 	 3.42793e-26
841 7.01259e-27 	 -3.80194e-26
842 -2.89096e-26 	 2.57121e-26
843 3.8618e-26 	 -2.56283e-27
844 -3.20542e-26 	 -2.16543e-26
845 1.19994e-26 	 3.67222e-26
846 1.30784e-26 	 -3.62901e-26
847 -3.26006e-26 	 2.05487e-26
848 3.83397e-26 	 3.85519e-27
849 -2.78877e-26 	 -2.66264e-26
850 5.66681e-27 	 3.81657e-26
851 1.89411e-26 	 -3.3617e-26
852 -3.55543e-26 	 1.49116e-26
853 3.71701e-26 	 1.00515e-26
854 -2.31153e-26 	 -3.07411e-26
855 -6.74766e-28 	 3.84368e-26
856 2.41639e-26 	 -2.99044e-26
857 -3.74502e-26 	 8.75564e-27
858 3.49409e-26 	 1.60803e-26
859 -1.7707e-26 	 -3.41262e-26
860 -6.97296e-27 	 3.77756e-26
861 2.86873e-26 	 -2.54979e-26
862 -3.82831e-26 	 2.47936e-27
863 3.17243e-26 	 2.15691e-26
864 -1.17895e-26 	 -3.65094e-26
865 -1.31052e-26 	 3.60508e-26
866 3.24588e-26 	 -2.03991e-26
867 -3.81143e-26 	 -3.83563e-27
868 2.76957e-26 	 2.64305e-26
869 -5.60508e-27 	 -3.78624e-26
870 -1.88383e-26 	 3.3322e-26
871 3.53302e-26 	 -1.47368e-26
872 -3.69259e-26 	 -1.00466e-26
873 2.29644e-26 	 3.0575e-26
874 6.57879e-28 	 -3.81968e-26
875 -2.39777e-26 	 2.97073e-26
876 3.71677e-26 	 -8.69474e-27
877 -3.4678e-26 	 -1.59774e-26
878 1.75714e-26 	 3.39101e-26
879 6.93015e-27 	 -3.75524e-26
880 -2.8494e-26 	 2.53812e-26
881 3.8034e-26 	 -2.53736e-27
882 -3.15378e-26 	 -2.13454e-26
883 1.17533e-26 	 3.62041e-26
884 1.29748e-26 	 -3.57866e-26
885 -3.22258e-26 	 2.02822e-26
886 3.78949e-26 	 3.7638e-27
887 -2.76055e-26 	 -2.62131e-26
888 5.7052e-27 	 3.76086e-26
889 1.85715e-26 	 -3.31574e-26
890 -3.49974e-26 	 1.47458e-26
891 3.6661e-26 	 9.86155e-27
892 -2.28743e-26 	 -3.02971e-26
893 -5.43237e-28 	 3.79591e-26
894 2.37216e-26 	 -2.96322e-26
895 -3.69002e-26 	 8.83648e-27
896 3.45379e-26 	 1.5661e-26
897 -1.76419e-26 	 -3.35431e-26
898 -6.66235e-27 	 3.72872e-26
899 2.81369e-26 	 -2.53299e-26
900 -3.77445e-26 	 2.71923e-27
901 3.14511e-26 	 2.10173e-26
902 -1.19196e-26 	 -3.58871e-26
903 -1.26184e-26 	 3.56393e-26
904 3.1832e-26 	 -2.03914e-26
905 -3.76411e-26 	 -3.42643e-27
906 2.76142e-26 	 2.5784e-26
907 -5.98543e-27 	 -3.72749e-26
908 -1.81338e-26 	 3.30742e-26
909 3.45933e-26 	 -1.49629e-26
910 -3.64757e-26 	 -9.42798e-27
911 2.30025e-26 	 2.98338e-26
912 1.44717e-28 	 -3.76767e-26
913 -2.32214e-26 	 2.96716e-26
914 3.65222e-26 	 -9.20177e-27
915 -3.44631e-26 	 -1.51113e-26
916 1.79243e-26 	 3.30391e-26
917 6.12678e-27 	 -3.70488e-26
918 -2.75721e-26 	 2.54675e-26
919 3.74e-26 	 -3.17824e-27
920 -3.14925e-26 	 -2.04394e-26
921 1.235e-26 	 3.54575e-26
922 1.19668e-26 	 -3.55733e-26
923 -3.12318e-26 	 2.07532e-26
924 3.73531e-26 	 2.75998e-27
925 -2.7771e-26 	 -2.50778e-26
926 6.52654e-27 	 3.68255e-26
927 1.74439e-26 	 -3.30797e-26
928 -3.40688e-26 	 1.54317e-26
929 3.63736e-26 	 8.68945e-27
930 -2.34062e-26 	 -2.91443e-26
931 6.29206e-28 	 3.73448e-26
932 2.23817e-26 	 -2.9859e-26
933 -3.59642e-26 	 9.84596e-27
934 3.44261e-26 	 1.42791e-26
935 -1.84302e-26 	 -3.23843e-26
936 -5.2922e-27 	 3.68768e-26
937 2.67743e-26 	 -2.58867e-26
938 -3.70017e-26 	 4.0445e-27
939 3.16941e-26 	 1.94705e-26
940 -1.30957e-26 	 -3.47883e-26
941 -1.09751e-26 	 3.54906e-26
942 3.04131e-26 	 -2.12995e-26
943 -3.7069e-26 	 -1.81435e-27
944 2.81654e-26 	 2.41443e-26
945 -7.45487e-27 	 -3.63245e-26
946 -1.63628e-26 	 3.32576e-26
947 3.32953e-26 	 -1.62469e-26
948 -3.62499e-26 	 -7.55847e-27
949 2.4004e-26 	 2.81691e-26
950 -1.70946e-27 	 -3.69472e-26
951 -2.12753e-26 	 3.02264e-26
952 3.53142e-26 	 -1.08417e-26
953 -3.45329e-26 	 -1.30672e-26
954 1.92758e-26 	 3.14747e-26
955 4.04619e-27 	 -3.66729e-26
956 -2.56504e-26 	 2.64991e-26
957 3.6486e-26 	 -5.23416e-27
958 -3.2025e-26 	 -1.81993e-26
959 1.41534e-26 	 3.39811e-26
960 9.62726e-27 	 -3.55085e-26
961 -2.93496e-26 	 2.21578e-26
962 3.67579e-26 	 4.62754e-28
963 -2.87638e-26 	 -2.28692e-26
964 8.7324e-27 	 3.56786e-26
965 1.49349e-26 	 -3.35381e-26
966 -3.23245e-26 	 1.73606e-26
967 3.61631e-26 	 6.06527e-27
968 -2.48588e-26 	 -2.69243e-26
969 3.16053e-27 	 3.64875e-26
970 1.98379e-26 	 -3.07638e-26
971 -3.45092e-26 	 1.21651e-26
972 3.47219e-26 	 1.15116e-26
973 -2.04022e-26 	 -3.0353e-26
974 -2.44249e-27 	 3.64804e-26
975 2.42447e-26 	 -2.73438e-26
976 -3.58836e-26 	 6.78185e-27
977 3.24998e-26 	 1.65911e-26
978 -1.55235e-26 	 -3.29943e-26
979 -7.93144e-27 	 3.55729e-26
980 2.80489e-26 	 -2.32618e-26
981 -3.64192e-26 	 1.22424e-27
982 2.95539e-26 	 2.13139e-26
983 -1.03395e-26 	 -3.49267e-26
984 -1.31767e-26 	 3.39299e-26
985 3.11566e-26 	 -1.87533e-26
986 -3.60866e-26 	 -4.2455e-27
987 2.5916e-26 	 2.54446e-26
988 -4.90924e-27 	 -3.59837e-26
989 -1.81434e-26 	 3.1467e-26
990 3.36042e-26 	 -1.37961e-26
991 -3.50168e-26 	 -9.63079e-27
992 2.18021e-26 	 2.90161e-26
993 5.05539e-28 	 -3.62598e-26
994 -2.25764e-26 	 2.83426e-26
995 3.51873e-26 	 -8.58377e-27
996 -3.30757e-26 	 -1.47517e-26
997 1.71352e-26 	 3.19102e-26
998 5.96292e-27 	 -3.57265e-26
999 -2.65612e-26 	 2.4615e-26
1000 3.60536e-26 	 -3.22802e-27
1001 -3.04798e-26 	 -1.94921e-26
1002 1.21765e-26 	 3.40522e-26
1003 1.12029e-26 	 -3.43742e-26
1004 -2.98889e-26 	 2.03318e-26
1005 3.60781e-26 	 2.20017e-27
1006 -2.71917e-26 	 -2.38038e-26
1007 6.94954e-27 	 3.54539e-26
1008 1.6187e-26 	 -3.22875e-26
1009 -3.25516e-26 	 1.56331e-26
1010 3.53113e-26 	 7.54748e-27
1011 -2.33186e-26 	 -2.75693e-26
1012 1.58869e-27 	 3.60707e-26
1013 2.07978e-26 	 -2.95046e-26
1014 -3.44891e-26 	 1.06188e-26
1015 3.37679e-26 	 1.26946e-26
1016 -1.89381e-26 	 -3.06964e-26
1017 -3.80346e-27 	 3.58687e-26
1018 2.4957e-26 	 -2.60539e-26
1019 -3.56877e-26 	 5.3545e-27
1020 3.15156e-26 	 1.75813e-26
1021 -1.41858e-26 	 -3.31727e-26
1022 -9.06126e-27 	 3.49073e-26
1023 2.85144e-26 	 -2.2061e-26
1024 -3.60476e-26 	 0
