1126621183.500000	0
1126621183.500488	0
1126621183.500977	0
1126621183.501465	0
1126621183.501953	0
1126621183.502441	0
1126621183.502930	0
1126621183.503418	0
1126621183.503906	0
1126621183.504395	0
1126621183.504883	0
1126621183.505371	0
1126621183.505859	0
1126621183.506348	0
1126621183.506836	0
1126621183.507324	0
1126621183.507812	0
1126621183.508301	0
1126621183.508789	0
1126621183.509277	0
1126621183.509766	0
1126621183.510254	0
1126621183.510742	0
1126621183.511230	0
1126621183.511719	0
1126621183.512207	0
1126621183.512695	0
1126621183.513184	0
1126621183.513672	0
1126621183.514160	0
1126621183.514648	0
1126621183.515137	0
1126621183.515625	0
1126621183.516113	0
1126621183.516602	0
1126621183.517090	0
1126621183.517578	0
1126621183.518066	0
1126621183.518555	0
1126621183.519043	0
1126621183.519531	0
1126621183.520020	0
1126621183.520508	0
1126621183.520996	0
1126621183.521484	0
1126621183.521973	0
1126621183.522461	0
1126621183.522949	0
1126621183.523438	0
1126621183.523926	0
1126621183.524414	0
1126621183.524902	0
1126621183.525391	0
1126621183.525879	0
1126621183.526367	0
1126621183.526855	0
1126621183.527344	0
1126621183.527832	0
1126621183.528320	0
1126621183.528809	0
1126621183.529297	0
1126621183.529785	0
1126621183.530273	0
1126621183.530762	0
1126621183.531250	0
1126621183.531738	0
1126621183.532227	0
1126621183.532715	0
1126621183.533203	0
1126621183.533691	0
1126621183.534180	0
1126621183.534668	0
1126621183.535156	0
1126621183.535645	0
1126621183.536133	0
1126621183.536621	0
1126621183.537109	0
1126621183.537598	0
1126621183.538086	0
1126621183.538574	0
1126621183.539062	0
1126621183.539551	0
1126621183.540039	0
1126621183.540527	0
1126621183.541016	0
1126621183.541504	0
1126621183.541992	0
1126621183.542480	0
1126621183.542969	0
1126621183.543457	0
1126621183.543945	0
1126621183.544434	0
1126621183.544922	0
1126621183.545410	0
1126621183.545898	0
1126621183.546387	0
1126621183.546875	0
1126621183.547363	0
1126621183.547852	0
1126621183.548340	0
1126621183.548828	0
1126621183.549316	0
1126621183.549805	0
1126621183.550293	0
1126621183.550781	0
1126621183.551270	0
1126621183.551758	0
1126621183.552246	0
1126621183.552734	0
1126621183.553223	0
1126621183.553711	0
1126621183.554199	0
1126621183.554688	0
1126621183.555176	0
1126621183.555664	0
1126621183.556152	0
1126621183.556641	0
1126621183.557129	0
1126621183.557617	0
1126621183.558105	0
1126621183.558594	0
1126621183.559082	0
1126621183.559570	0
1126621183.560059	0
1126621183.560547	0
1126621183.561035	0
1126621183.561523	0
1126621183.562012	0
1126621183.562500	0
1126621183.562988	0
1126621183.563477	0
1126621183.563965	0
1126621183.564453	0
1126621183.564941	0
1126621183.565430	0
1126621183.565918	0
1126621183.566406	0
1126621183.566895	0
1126621183.567383	0
1126621183.567871	0
1126621183.568359	0
1126621183.568848	0
1126621183.569336	0
1126621183.569824	0
1126621183.570312	0
1126621183.570801	0
1126621183.571289	0
1126621183.571777	0
1126621183.572266	0
1126621183.572754	0
1126621183.573242	0
1126621183.573730	0
1126621183.574219	0
1126621183.574707	0
1126621183.575195	0
1126621183.575684	0
1126621183.576172	0
1126621183.576660	0
1126621183.577148	0
1126621183.577637	0
1126621183.578125	0
1126621183.578613	0
1126621183.579102	0
1126621183.579590	0
1126621183.580078	0
1126621183.580566	0
1126621183.581055	0
1126621183.581543	0
1126621183.582031	0
1126621183.582520	0
1126621183.583008	0
1126621183.583496	0
1126621183.583984	0
1126621183.584473	0
1126621183.584961	0
1126621183.585449	0
1126621183.585938	0
1126621183.586426	0
1126621183.586914	0
1126621183.587402	0
1126621183.587891	0
1126621183.588379	0
1126621183.588867	0
1126621183.589355	0
1126621183.589844	0
1126621183.590332	0
1126621183.590820	0
1126621183.591309	0
1126621183.591797	0
1126621183.592285	0
1126621183.592773	0
1126621183.593262	0
1126621183.593750	0
1126621183.594238	0
1126621183.594727	0
1126621183.595215	0
1126621183.595703	0
1126621183.596191	0
1126621183.596680	0
1126621183.597168	0
1126621183.597656	0
1126621183.598145	0
1126621183.598633	0
1126621183.599121	0
1126621183.599609	0
1126621183.600098	0
1126621183.600586	0
1126621183.601074	0
1126621183.601562	0
1126621183.602051	0
1126621183.602539	0
1126621183.603027	0
1126621183.603516	0
1126621183.604004	0
1126621183.604492	0
1126621183.604980	0
1126621183.605469	0
1126621183.605957	0
1126621183.606445	0
1126621183.606934	0
1126621183.607422	0
1126621183.607910	0
1126621183.608398	0
1126621183.608887	0
1126621183.609375	0
1126621183.609863	0
1126621183.610352	0
1126621183.610840	0
1126621183.611328	0
1126621183.611816	0
1126621183.612305	0
1126621183.612793	0
1126621183.613281	0
1126621183.613770	0
1126621183.614258	0
1126621183.614746	0
1126621183.615234	0
1126621183.615723	0
1126621183.616211	0
1126621183.616699	0
1126621183.617188	0
1126621183.617676	0
1126621183.618164	0
1126621183.618652	0
1126621183.619141	0
1126621183.619629	0
1126621183.620117	0
1126621183.620605	0
1126621183.621094	0
1126621183.621582	0
1126621183.622070	0
1126621183.622559	0
1126621183.623047	0
1126621183.623535	0
1126621183.624023	0
1126621183.624512	0
1126621183.625000	0
1126621183.625488	0
1126621183.625977	0
1126621183.626465	0
1126621183.626953	0
1126621183.627441	0
1126621183.627930	0
1126621183.628418	0
1126621183.628906	0
1126621183.629395	0
1126621183.629883	0
1126621183.630371	0
1126621183.630859	0
1126621183.631348	0
1126621183.631836	0
1126621183.632324	0
1126621183.632812	0
1126621183.633301	0
1126621183.633789	0
1126621183.634277	0
1126621183.634766	0
1126621183.635254	0
1126621183.635742	0
1126621183.636230	0
1126621183.636719	0
1126621183.637207	0
1126621183.637695	0
1126621183.638184	0
1126621183.638672	0
1126621183.639160	0
1126621183.639648	0
1126621183.640137	0
1126621183.640625	0
1126621183.641113	0
1126621183.641602	0
1126621183.642090	0
1126621183.642578	0
1126621183.643066	0
1126621183.643555	0
1126621183.644043	0
1126621183.644531	0
1126621183.645020	0
1126621183.645508	0
1126621183.645996	0
1126621183.646484	0
1126621183.646973	0
1126621183.647461	0
1126621183.647949	0
1126621183.648438	0
1126621183.648926	0
1126621183.649414	0
1126621183.649902	0
1126621183.650391	0
1126621183.650879	0
1126621183.651367	0
1126621183.651855	0
1126621183.652344	0
1126621183.652832	0
1126621183.653320	0
1126621183.653809	0
1126621183.654297	0
1126621183.654785	0
1126621183.655273	0
1126621183.655762	0
1126621183.656250	0
1126621183.656738	0
1126621183.657227	0
1126621183.657715	0
1126621183.658203	0
1126621183.658691	0
1126621183.659180	0
1126621183.659668	0
1126621183.660156	0
1126621183.660645	0
1126621183.661133	0
1126621183.661621	0
1126621183.662109	0
1126621183.662598	0
1126621183.663086	0
1126621183.663574	0
1126621183.664062	0
1126621183.664551	0
1126621183.665039	0
1126621183.665527	0
1126621183.666016	0
1126621183.666504	0
1126621183.666992	0
1126621183.667480	0
1126621183.667969	0
1126621183.668457	0
1126621183.668945	0
1126621183.669434	0
1126621183.669922	0
1126621183.670410	0
1126621183.670898	0
1126621183.671387	0
1126621183.671875	0
1126621183.672363	0
1126621183.672852	0
1126621183.673340	0
1126621183.673828	0
1126621183.674316	0
1126621183.674805	0
1126621183.675293	0
1126621183.675781	0
1126621183.676270	0
1126621183.676758	0
1126621183.677246	0
1126621183.677734	0
1126621183.678223	0
1126621183.678711	0
1126621183.679199	0
1126621183.679688	0
1126621183.680176	0
1126621183.680664	0
1126621183.681152	0
1126621183.681641	0
1126621183.682129	0
1126621183.682617	0
1126621183.683105	0
1126621183.683594	0
1126621183.684082	0
1126621183.684570	0
1126621183.685059	0
1126621183.685547	0
1126621183.686035	0
1126621183.686523	0
1126621183.687012	0
1126621183.687500	0
1126621183.687988	0
1126621183.688477	0
1126621183.688965	0
1126621183.689453	0
1126621183.689941	0
1126621183.690430	0
1126621183.690918	0
1126621183.691406	0
1126621183.691895	0
1126621183.692383	0
1126621183.692871	0
1126621183.693359	0
1126621183.693848	0
1126621183.694336	0
1126621183.694824	0
1126621183.695312	0
1126621183.695801	0
1126621183.696289	0
1126621183.696777	0
1126621183.697266	0
1126621183.697754	0
1126621183.698242	0
1126621183.698730	0
1126621183.699219	0
1126621183.699707	0
1126621183.700195	0
1126621183.700684	0
1126621183.701172	0
1126621183.701660	0
1126621183.702148	0
1126621183.702637	0
1126621183.703125	0
1126621183.703613	0
1126621183.704102	0
1126621183.704590	0
1126621183.705078	0
1126621183.705566	0
1126621183.706055	0
1126621183.706543	0
1126621183.707031	0
1126621183.707520	0
1126621183.708008	0
1126621183.708496	0
1126621183.708984	0
1126621183.709473	0
1126621183.709961	0
1126621183.710449	0
1126621183.710938	0
1126621183.711426	0
1126621183.711914	0
1126621183.712402	0
1126621183.712891	0
1126621183.713379	0
1126621183.713867	0
1126621183.714355	0
1126621183.714844	0
1126621183.715332	0
1126621183.715820	0
1126621183.716309	0
1126621183.716797	0
1126621183.717285	0
1126621183.717773	0
1126621183.718262	0
1126621183.718750	0
1126621183.719238	0
1126621183.719727	0
1126621183.720215	0
1126621183.720703	0
1126621183.721191	0
1126621183.721680	0
1126621183.722168	0
1126621183.722656	0
1126621183.723145	0
1126621183.723633	0
1126621183.724121	0
1126621183.724609	0
1126621183.725098	0
1126621183.725586	0
1126621183.726074	0
1126621183.726562	0
1126621183.727051	0
1126621183.727539	0
1126621183.728027	0
1126621183.728516	0
1126621183.729004	0
1126621183.729492	0
1126621183.729980	0
1126621183.730469	0
1126621183.730957	0
1126621183.731445	0
1126621183.731934	0
1126621183.732422	0
1126621183.732910	0
1126621183.733398	0
1126621183.733887	0
1126621183.734375	0
1126621183.734863	0
1126621183.735352	0
1126621183.735840	0
1126621183.736328	0
1126621183.736816	0
1126621183.737305	0
1126621183.737793	0
1126621183.738281	0
1126621183.738770	0
1126621183.739258	0
1126621183.739746	0
1126621183.740234	0
1126621183.740723	0
1126621183.741211	0
1126621183.741699	0
1126621183.742188	0
1126621183.742676	0
1126621183.743164	0
1126621183.743652	0
1126621183.744141	0
1126621183.744629	0
1126621183.745117	0
1126621183.745605	0
1126621183.746094	0
1126621183.746582	0
1126621183.747070	0
1126621183.747559	0
1126621183.748047	0
1126621183.748535	0
1126621183.749023	0
1126621183.749512	0
1126621183.750000	0
1126621183.750488	0
1126621183.750977	0
1126621183.751465	0
1126621183.751953	0
1126621183.752441	0
1126621183.752930	0
1126621183.753418	0
1126621183.753906	0
1126621183.754395	0
1126621183.754883	0
1126621183.755371	0
1126621183.755859	0
1126621183.756348	0
1126621183.756836	0
1126621183.757324	0
1126621183.757812	0
1126621183.758301	0
1126621183.758789	0
1126621183.759277	0
1126621183.759766	0
1126621183.760254	0
1126621183.760742	0
1126621183.761230	0
1126621183.761719	0
1126621183.762207	0
1126621183.762695	0
1126621183.763184	0
1126621183.763672	0
1126621183.764160	0
1126621183.764648	0
1126621183.765137	0
1126621183.765625	0
1126621183.766113	0
1126621183.766602	0
1126621183.767090	0
1126621183.767578	0
1126621183.768066	0
1126621183.768555	0
1126621183.769043	0
1126621183.769531	0
1126621183.770020	0
1126621183.770508	0
1126621183.770996	0
1126621183.771484	0
1126621183.771973	0
1126621183.772461	0
1126621183.772949	0
1126621183.773438	0
1126621183.773926	0
1126621183.774414	0
1126621183.774902	0
1126621183.775391	0
1126621183.775879	0
1126621183.776367	0
1126621183.776855	0
1126621183.777344	0
1126621183.777832	0
1126621183.778320	0
1126621183.778809	0
1126621183.779297	0
1126621183.779785	0
1126621183.780273	0
1126621183.780762	0
1126621183.781250	0
1126621183.781738	0
1126621183.782227	0
1126621183.782715	0
1126621183.783203	0
1126621183.783691	0
1126621183.784180	0
1126621183.784668	0
1126621183.785156	0
1126621183.785645	0
1126621183.786133	0
1126621183.786621	0
1126621183.787109	0
1126621183.787598	0
1126621183.788086	0
1126621183.788574	0
1126621183.789062	0
1126621183.789551	0
1126621183.790039	0
1126621183.790527	0
1126621183.791016	0
1126621183.791504	0
1126621183.791992	0
1126621183.792480	0
1126621183.792969	0
1126621183.793457	0
1126621183.793945	0
1126621183.794434	0
1126621183.794922	0
1126621183.795410	0
1126621183.795898	0
1126621183.796387	0
1126621183.796875	0
1126621183.797363	0
1126621183.797852	0
1126621183.798340	0
1126621183.798828	0
1126621183.799316	0
1126621183.799805	0
1126621183.800293	0
1126621183.800781	0
1126621183.801270	0
1126621183.801758	0
1126621183.802246	0
1126621183.802734	0
1126621183.803223	0
1126621183.803711	0
1126621183.804199	0
1126621183.804688	0
1126621183.805176	0
1126621183.805664	0
1126621183.806152	0
1126621183.806641	0
1126621183.807129	0
1126621183.807617	0
1126621183.808105	0
1126621183.808594	0
1126621183.809082	0
1126621183.809570	0
1126621183.810059	0
1126621183.810547	0
1126621183.811035	0
1126621183.811523	0
1126621183.812012	0
1126621183.812500	0
1126621183.812988	0
1126621183.813477	0
1126621183.813965	0
1126621183.814453	0
1126621183.814941	0
1126621183.815430	0
1126621183.815918	0
1126621183.816406	0
1126621183.816895	0
1126621183.817383	0
1126621183.817871	0
1126621183.818359	0
1126621183.818848	0
1126621183.819336	0
1126621183.819824	0
1126621183.820312	0
1126621183.820801	0
1126621183.821289	0
1126621183.821777	0
1126621183.822266	0
1126621183.822754	0
1126621183.823242	0
1126621183.823730	0
1126621183.824219	0
1126621183.824707	0
1126621183.825195	0
1126621183.825684	0
1126621183.826172	0
1126621183.826660	0
1126621183.827148	0
1126621183.827637	0
1126621183.828125	0
1126621183.828613	0
1126621183.829102	0
1126621183.829590	0
1126621183.830078	0
1126621183.830566	0
1126621183.831055	0
1126621183.831543	0
1126621183.832031	0
1126621183.832520	0
1126621183.833008	0
1126621183.833496	0
1126621183.833984	0
1126621183.834473	0
1126621183.834961	0
1126621183.835449	0
1126621183.835938	0
1126621183.836426	0
1126621183.836914	0
1126621183.837402	0
1126621183.837891	0
1126621183.838379	0
1126621183.838867	0
1126621183.839355	0
1126621183.839844	0
1126621183.840332	0
1126621183.840820	0
1126621183.841309	0
1126621183.841797	0
1126621183.842285	0
1126621183.842773	0
1126621183.843262	0
1126621183.843750	0
1126621183.844238	0
1126621183.844727	0
1126621183.845215	0
1126621183.845703	0
1126621183.846191	0
1126621183.846680	0
1126621183.847168	0
1126621183.847656	0
1126621183.848145	0
1126621183.848633	0
1126621183.849121	0
1126621183.849609	0
1126621183.850098	0
1126621183.850586	0
1126621183.851074	0
1126621183.851562	0
1126621183.852051	0
1126621183.852539	0
1126621183.853027	0
1126621183.853516	0
1126621183.854004	0
1126621183.854492	0
1126621183.854980	0
1126621183.855469	0
1126621183.855957	0
1126621183.856445	0
1126621183.856934	0
1126621183.857422	0
1126621183.857910	0
1126621183.858398	0
1126621183.858887	0
1126621183.859375	0
1126621183.859863	0
1126621183.860352	0
1126621183.860840	0
1126621183.861328	0
1126621183.861816	0
1126621183.862305	0
1126621183.862793	0
1126621183.863281	0
1126621183.863770	0
1126621183.864258	0
1126621183.864746	0
1126621183.865234	0
1126621183.865723	0
1126621183.866211	0
1126621183.866699	0
1126621183.867188	0
1126621183.867676	0
1126621183.868164	0
1126621183.868652	0
1126621183.869141	0
1126621183.869629	0
1126621183.870117	0
1126621183.870605	0
1126621183.871094	0
1126621183.871582	0
1126621183.872070	0
1126621183.872559	0
1126621183.873047	0
1126621183.873535	0
1126621183.874023	0
1126621183.874512	0
1126621183.875000	0
1126621183.875488	0
1126621183.875977	0
1126621183.876465	0
1126621183.876953	0
1126621183.877441	0
1126621183.877930	0
1126621183.878418	0
1126621183.878906	0
1126621183.879395	0
1126621183.879883	0
1126621183.880371	0
1126621183.880859	0
1126621183.881348	0
1126621183.881836	0
1126621183.882324	0
1126621183.882812	0
1126621183.883301	0
1126621183.883789	0
1126621183.884277	0
1126621183.884766	0
1126621183.885254	0
1126621183.885742	0
1126621183.886230	0
1126621183.886719	0
1126621183.887207	0
1126621183.887695	0
1126621183.888184	0
1126621183.888672	0
1126621183.889160	0
1126621183.889648	0
1126621183.890137	0
1126621183.890625	2.40597e-25
1126621183.891113	-2.90516e-25
1126621183.891602	5.38824e-25
1126621183.892090	-6.97055e-25
1126621183.892578	1.01481e-24
1126621183.893066	-1.40883e-24
1126621183.893555	2.07526e-24
1126621183.894043	-3.50524e-24
1126621183.894531	8.2897e-24
1126621183.895020	1.47475e-22
1126621183.895508	1.15666e-22
1126621183.895996	9.87596e-23
1126621183.896484	7.22769e-23
1126621183.896973	5.08005e-23
1126621183.897461	2.47827e-23
1126621183.897949	1.30363e-24
1126621183.898438	-2.43003e-23
1126621183.898926	-4.8515e-23
1126621183.899414	-7.31672e-23
1126621183.899902	-9.70894e-23
1126621183.900391	-1.20311e-22
1126621183.900879	-1.42631e-22
1126621183.901367	-1.63853e-22
1126621183.901855	-1.83788e-22
1126621183.902344	-2.02255e-22
1126621183.902832	-2.19085e-22
1126621183.903320	-2.3412e-22
1126621183.903809	-2.47219e-22
1126621183.904297	-2.58254e-22
1126621183.904785	-2.67113e-22
1126621183.905273	-2.73706e-22
1126621183.905762	-2.77956e-22
1126621183.906250	-2.79811e-22
1126621183.906738	-2.79236e-22
1126621183.907227	-2.76218e-22
1126621183.907715	-2.70763e-22
1126621183.908203	-2.629e-22
1126621183.908691	-2.52677e-22
1126621183.909180	-2.40166e-22
1126621183.909668	-2.25455e-22
1126621183.910156	-2.08657e-22
1126621183.910645	-1.89902e-22
1126621183.911133	-1.6934e-22
1126621183.911621	-1.47138e-22
1126621183.912109	-1.2348e-22
1126621183.912598	-9.85643e-23
1126621183.913086	-7.26033e-23
1126621183.913574	-4.58218e-23
1126621183.914062	-1.84544e-23
1126621183.914551	9.25603e-24
1126621183.915039	3.70588e-23
1126621183.915527	6.46969e-23
1126621183.916016	9.19154e-23
1126621183.916504	1.18457e-22
1126621183.916992	1.44064e-22
1126621183.917480	1.68484e-22
1126621183.917969	1.91471e-22
1126621183.918457	2.12788e-22
1126621183.918945	2.32207e-22
1126621183.919434	2.49515e-22
1126621183.919922	2.64512e-22
1126621183.920410	2.77021e-22
1126621183.920898	2.86882e-22
1126621183.921387	2.93961e-22
1126621183.921875	2.98147e-22
1126621183.922363	2.99358e-22
1126621183.922852	2.97539e-22
1126621183.923340	2.92666e-22
1126621183.923828	2.84748e-22
1126621183.924316	2.73825e-22
1126621183.924805	2.5997e-22
1126621183.925293	2.43287e-22
1126621183.925781	2.23918e-22
1126621183.926270	2.02032e-22
1126621183.926758	1.77836e-22
1126621183.927246	1.51561e-22
1126621183.927734	1.23469e-22
1126621183.928223	9.38491e-23
1126621183.928711	6.30112e-23
1126621183.929199	3.12871e-23
1126621183.929688	-9.75768e-25
1126621183.930176	-3.34182e-23
1126621183.930664	-6.56731e-23
1126621183.931152	-9.73693e-23
1126621183.931641	-1.28137e-22
1126621183.932129	-1.57611e-22
1126621183.932617	-1.85437e-22
1126621183.933105	-2.11277e-22
1126621183.933594	-2.34812e-22
1126621183.934082	-2.55743e-22
1126621183.934570	-2.73805e-22
1126621183.935059	-2.8876e-22
1126621183.935547	-3.00409e-22
1126621183.936035	-3.08587e-22
1126621183.936523	-3.13173e-22
1126621183.937012	-3.14086e-22
1126621183.937500	-3.11288e-22
1126621183.937988	-3.04787e-22
1126621183.938477	-2.94635e-22
1126621183.938965	-2.80927e-22
1126621183.939453	-2.63803e-22
1126621183.939941	-2.43445e-22
1126621183.940430	-2.20073e-22
1126621183.940918	-1.93946e-22
1126621183.941406	-1.6536e-22
1126621183.941895	-1.34639e-22
1126621183.942383	-1.02138e-22
1126621183.942871	-6.82365e-23
1126621183.943359	-3.33349e-23
1126621183.943848	2.14944e-24
1126621183.944336	3.77863e-23
1126621183.944824	7.31387e-23
1126621183.945312	1.07766e-22
1126621183.945801	1.41226e-22
1126621183.946289	1.73087e-22
1126621183.946777	2.02929e-22
1126621183.947266	2.30346e-22
1126621183.947754	2.54954e-22
1126621183.948242	2.76398e-22
1126621183.948730	2.94354e-22
1126621183.949219	3.08533e-22
1126621183.949707	3.18689e-22
1126621183.950195	3.24626e-22
1126621183.950684	3.26193e-22
1126621183.951172	3.23296e-22
1126621183.951660	3.15897e-22
1126621183.952148	3.04022e-22
1126621183.952637	2.87755e-22
1126621183.953125	2.67247e-22
1126621183.953613	2.42714e-22
1126621183.954102	2.14433e-22
1126621183.954590	1.82746e-22
1126621183.955078	1.48053e-22
1126621183.955566	1.10811e-22
1126621183.956055	7.15277e-23
1126621183.956543	3.07569e-23
1126621183.957031	-1.09099e-23
1126621183.957520	-5.28493e-23
1126621183.958008	-9.44165e-23
1126621183.958496	-1.34956e-22
1126621183.958984	-1.73809e-22
1126621183.959473	-2.10327e-22
1126621183.959961	-2.43882e-22
1126621183.960449	-2.73875e-22
1126621183.960938	-2.99752e-22
1126621183.961426	-3.21009e-22
1126621183.961914	-3.37208e-22
1126621183.962402	-3.47982e-22
1126621183.962891	-3.53045e-22
1126621183.963379	-3.52198e-22
1126621183.963867	-3.45339e-22
1126621183.964355	-3.32463e-22
1126621183.964844	-3.13666e-22
1126621183.965332	-2.89151e-22
1126621183.965820	-2.59224e-22
1126621183.966309	-2.24292e-22
1126621183.966797	-1.84863e-22
1126621183.967285	-1.41541e-22
1126621183.967773	-9.50066e-23
1126621183.968262	-4.60439e-23
1126621183.968750	4.50608e-24
1126621183.969238	5.57379e-23
1126621183.969727	1.06697e-22
1126621183.970215	1.56393e-22
1126621183.970703	2.03814e-22
1126621183.971191	2.47948e-22
1126621183.971680	2.87794e-22
1126621183.972168	3.22389e-22
1126621183.972656	3.50826e-22
1126621183.973145	3.72276e-22
1126621183.973633	3.86019e-22
1126621183.974121	3.91459e-22
1126621183.974609	3.88159e-22
1126621183.975098	3.75857e-22
1126621183.975586	3.54492e-22
1126621183.976074	3.24222e-22
1126621183.976562	2.85437e-22
1126621183.977051	2.38772e-22
1126621183.977539	1.85103e-22
1126621183.978027	1.25549e-22
1126621183.978516	6.14607e-23
1126621183.979004	-5.60605e-24
1126621183.979492	-7.39181e-23
1126621183.979980	-1.41606e-22
1126621183.980469	-2.06717e-22
1126621183.980957	-2.67271e-22
1126621183.981445	-3.2132e-22
1126621183.981934	-3.6702e-22
1126621183.982422	-4.02689e-22
1126621183.982910	-4.26881e-22
1126621183.983398	-4.38443e-22
1126621183.983887	-4.36573e-22
1126621183.984375	-4.20859e-22
1126621183.984863	-3.91321e-22
1126621183.985352	-3.48434e-22
1126621183.985840	-2.93129e-22
1126621183.986328	-2.26796e-22
1126621183.986816	-1.51267e-22
1126621183.987305	-6.87918e-23
1126621183.987793	1.79994e-23
1126621183.988281	1.06152e-22
1126621183.988770	1.92458e-22
1126621183.989258	2.73526e-22
1126621183.989746	3.45879e-22
1126621183.990234	4.06063e-22
1126621183.990723	4.50781e-22
1126621183.991211	4.77046e-22
1126621183.991699	4.82363e-22
1126621183.992188	4.64921e-22
1126621183.992676	4.23805e-22
1126621183.993164	3.59206e-22
1126621183.993652	2.72638e-22
1126621183.994141	1.67094e-22
1126621183.994629	4.71383e-23
1126621183.995117	-8.10852e-23
1126621183.995605	-2.09969e-22
1126621183.996094	-3.30734e-22
1126621183.996582	-4.33906e-22
1126621183.997070	-5.09966e-22
1126621183.997559	-5.50196e-22
1126621183.998047	-5.47684e-22
1126621183.998535	-4.98358e-22
1126621183.999023	-4.0195e-22
1126621183.999512	-2.62914e-22
1126621184.000000	-9.09007e-23
1126621184.000488	9.91358e-23
1126621184.000977	2.87468e-22
1126621184.001465	4.50886e-22
1126621184.001953	5.64972e-22
1126621184.002441	6.07513e-22
1126621184.002930	5.63241e-22
1126621184.003418	4.29258e-22
1126621184.003906	2.2002e-22
1126621184.004395	-3.09652e-23
1126621184.004883	-2.75189e-22
1126621184.005371	-4.59719e-22
1126621184.005859	-5.42175e-22
1126621184.006348	-5.04781e-22
1126621184.006836	-3.60862e-22
1126621184.007324	-1.50394e-22
1126621184.007812	7.31977e-23
1126621184.008301	2.58262e-22
1126621184.008789	3.66627e-22
1126621184.009277	3.79859e-22
1126621184.009766	3.0181e-22
1126621184.010254	1.57696e-22
1126621184.010742	-1.07918e-23
1126621184.011230	-1.56313e-22
1126621184.011719	-2.40835e-22
1126621184.012207	-2.47761e-22
1126621184.012695	-1.85655e-22
1126621184.013184	-8.20219e-23
1126621184.013672	2.81897e-23
1126621184.014160	1.14008e-22
1126621184.014648	1.5595e-22
1126621184.015137	1.49257e-22
1126621184.015625	1.03329e-22
1126621184.016113	3.73393e-23
1126621184.016602	-2.69402e-23
1126621184.017090	-7.22444e-23
1126621184.017578	-9.00856e-23
1126621184.018066	-8.10975e-23
1126621184.018555	-5.23931e-23
1126621184.019043	-1.42219e-23
1126621184.019531	2.26346e-23
1126621184.020020	4.89079e-23
1126621184.020508	5.87621e-23
1126621184.020996	5.11381e-23
1126621184.021484	3e-23
1126621184.021973	3.06641e-24
1126621184.022461	-2.09689e-23
1126621184.022949	-3.53668e-23
1126621184.023438	-3.73214e-23
1126621184.023926	-2.81698e-23
1126621184.024414	-1.23228e-23
1126621184.024902	4.43967e-24
1126621184.025391	1.68926e-23
1126621184.025879	2.19074e-23
1126621184.026367	1.93759e-23
1126621184.026855	1.15935e-23
1126621184.027344	1.90662e-24
1126621184.027832	-6.72052e-24
1126621184.028320	-1.24227e-23
1126621184.028809	-1.44238e-23
1126621184.029297	-1.28625e-23
1126621184.029785	-8.62326e-24
1126621184.030273	-3.06263e-24
1126621184.030762	2.103e-24
1126621184.031250	5.44069e-24
1126621184.031738	6.18921e-24
1126621184.032227	4.43041e-24
1126621184.032715	9.89523e-25
1126621184.033203	-2.94242e-24
1126621184.033691	-6.18905e-24
1126621184.034180	-7.92886e-24
1126621184.034668	-7.86808e-24
1126621184.035156	-6.30326e-24
1126621184.035645	-3.92632e-24
1126621184.036133	-1.60354e-24
1126621184.036621	1.31978e-27
1126621184.037109	6.1552e-25
1126621184.037598	6.40692e-26
1126621184.038086	-1.24764e-24
1126621184.038574	-2.7038e-24
1126621184.039062	-3.9756e-24
1126621184.039551	-4.78174e-24
1126621184.040039	-4.97731e-24
1126621184.040527	-4.58826e-24
1126621184.041016	-3.79767e-24
1126621184.041504	-2.87661e-24
1126621184.041992	-2.10375e-24
1126621184.042480	-1.66873e-24
1126621184.042969	-1.63043e-24
1126621184.043457	-1.92449e-24
1126621184.043945	-2.40694e-24
1126621184.044434	-2.90339e-24
1126621184.044922	-3.2562e-24
1126621184.045410	-3.36686e-24
1126621184.045898	-3.2288e-24
1126621184.046387	-2.89381e-24
1126621184.046875	-2.46846e-24
1126621184.047363	-2.06774e-24
1126621184.047852	-1.77074e-24
1126621184.048340	-1.61179e-24
1126621184.048828	-1.58697e-24
1126621184.049316	-1.65973e-24
1126621184.049805	-1.76652e-24
1126621184.050293	-1.84601e-24
1126621184.050781	-1.8416e-24
1126621184.051270	-1.72885e-24
1126621184.051758	-1.52272e-24
1126621184.052246	-1.26418e-24
1126621184.052734	-1.00289e-24
1126621184.053223	-7.7409e-25
1126621184.053711	-5.95369e-25
1126621184.054199	-4.69297e-25
1126621184.054688	-3.83989e-25
1126621184.055176	-3.16308e-25
1126621184.055664	-2.42521e-25
1126621184.056152	-1.43699e-25
1126621184.056641	-1.08679e-26
1126621184.057129	1.53997e-25
1126621184.057617	3.41242e-25
1126621184.058105	5.38575e-25
1126621184.058594	7.335e-25
1126621184.059082	9.15228e-25
1126621184.059570	1.07561e-24
1126621184.060059	1.21433e-24
1126621184.060547	1.33745e-24
1126621184.061035	1.45559e-24
1126621184.061523	1.5794e-24
1126621184.062012	1.71482e-24
1126621184.062500	1.86309e-24
1126621184.062988	2.02131e-24
1126621184.063477	2.18317e-24
1126621184.063965	2.34125e-24
1126621184.064453	2.49092e-24
1126621184.064941	2.63034e-24
1126621184.065430	2.75916e-24
1126621184.065918	2.87851e-24
1126621184.066406	2.99121e-24
1126621184.066895	3.10094e-24
1126621184.067383	3.21013e-24
1126621184.067871	3.31837e-24
1126621184.068359	3.42497e-24
1126621184.068848	3.52911e-24
1126621184.069336	3.62916e-24
1126621184.069824	3.72262e-24
1126621184.070312	3.80747e-24
1126621184.070801	3.88379e-24
1126621184.071289	3.95321e-24
1126621184.071777	4.01667e-24
1126621184.072266	4.07343e-24
1126621184.072754	4.1244e-24
1126621184.073242	4.16874e-24
1126621184.073730	4.20759e-24
1126621184.074219	4.2421e-24
1126621184.074707	4.27102e-24
1126621184.075195	4.29015e-24
1126621184.075684	4.29756e-24
1126621184.076172	4.29494e-24
1126621184.076660	4.28562e-24
1126621184.077148	4.27162e-24
1126621184.077637	4.25083e-24
1126621184.078125	4.2211e-24
1126621184.078613	4.18187e-24
1126621184.079102	4.13354e-24
1126621184.079590	4.0785e-24
1126621184.080078	4.01595e-24
1126621184.080566	3.94356e-24
1126621184.081055	3.86119e-24
1126621184.081543	3.76963e-24
1126621184.082031	3.67107e-24
1126621184.082520	3.56768e-24
1126621184.083008	3.45808e-24
1126621184.083496	3.34015e-24
1126621184.083984	3.21313e-24
1126621184.084473	3.07806e-24
1126621184.084961	2.93457e-24
1126621184.085449	2.78218e-24
1126621184.085938	2.62173e-24
1126621184.086426	2.45369e-24
1126621184.086914	2.27816e-24
1126621184.087402	2.0966e-24
1126621184.087891	1.90935e-24
1126621184.088379	1.71599e-24
1126621184.088867	1.51576e-24
1126621184.089355	1.30903e-24
1126621184.089844	1.09636e-24
1126621184.090332	8.77594e-25
1126621184.090820	6.5174e-25
1126621184.091309	4.20485e-25
1126621184.091797	1.84218e-25
1126621184.092285	-5.74072e-26
1126621184.092773	-3.03566e-25
1126621184.093262	-5.53246e-25
1126621184.093750	-8.05889e-25
1126621184.094238	-1.06166e-24
1126621184.094727	-1.32051e-24
1126621184.095215	-1.58221e-24
1126621184.095703	-1.84674e-24
1126621184.096191	-2.11432e-24
1126621184.096680	-2.38496e-24
1126621184.097168	-2.65735e-24
1126621184.097656	-2.92937e-24
1126621184.098145	-3.19889e-24
1126621184.098633	-3.46448e-24
1126621184.099121	-3.72433e-24
1126621184.099609	-3.97728e-24
1126621184.100098	-4.22187e-24
1126621184.100586	-4.45681e-24
1126621184.101074	-4.68122e-24
1126621184.101562	-4.89407e-24
1126621184.102051	-5.0941e-24
1126621184.102539	-5.27997e-24
1126621184.103027	-5.45055e-24
1126621184.103516	-5.60551e-24
1126621184.104004	-5.74367e-24
1126621184.104492	-5.86426e-24
1126621184.104980	-5.96651e-24
1126621184.105469	-6.05026e-24
1126621184.105957	-6.11654e-24
1126621184.106445	-6.16686e-24
1126621184.106934	-6.20256e-24
1126621184.107422	-6.22437e-24
1126621184.107910	-6.23196e-24
1126621184.108398	-6.22401e-24
1126621184.108887	-6.19944e-24
1126621184.109375	-6.15735e-24
1126621184.109863	-6.09671e-24
1126621184.110352	-6.01645e-24
1126621184.110840	-5.91592e-24
1126621184.111328	-5.79469e-24
1126621184.111816	-5.6512e-24
1126621184.112305	-5.48537e-24
1126621184.112793	-5.29872e-24
1126621184.113281	-5.09504e-24
1126621184.113770	-4.88222e-24
1126621184.114258	-4.66901e-24
1126621184.114746	-4.45966e-24
1126621184.115234	-4.25981e-24
1126621184.115723	-4.06529e-24
1126621184.116211	-3.87101e-24
1126621184.116699	-3.66993e-24
1126621184.117188	-3.45331e-24
1126621184.117676	-3.22071e-24
1126621184.118164	-2.97576e-24
1126621184.118652	-2.72515e-24
1126621184.119141	-2.48021e-24
1126621184.119629	-2.24876e-24
1126621184.120117	-2.03477e-24
1126621184.120605	-1.83621e-24
1126621184.121094	-1.64984e-24
1126621184.121582	-1.47375e-24
1126621184.122070	-1.30476e-24
1126621184.122559	-1.14042e-24
1126621184.123047	-9.82935e-25
1126621184.123535	-8.3336e-25
1126621184.124023	-6.9362e-25
1126621184.124512	-5.66709e-25
1126621184.125000	-4.55099e-25
1126621184.125488	-3.59582e-25
1126621184.125977	-2.79722e-25
1126621184.126465	-2.1291e-25
1126621184.126953	-1.56781e-25
1126621184.127441	-1.10444e-25
1126621184.127930	-7.22467e-26
1126621184.128418	-4.26523e-26
1126621184.128906	-2.18877e-26
1126621184.129395	-8.71747e-27
1126621184.129883	-1.53666e-27
1126621184.130371	1.29335e-27
1126621184.130859	1.71773e-27
1126621184.131348	1.03435e-27
1126621184.131836	1.28516e-29
1126621184.132324	5.21728e-29
1126621184.132812	1.47496e-29
1126621184.133301	2.01687e-29
1126621184.133789	2.89112e-30
1126621184.134277	5.95653e-30
1126621184.134766	-1.83763e-30
1126621184.135254	1.00561e-30
1126621184.135742	-1.5156e-30
1126621184.136230	0
1126621184.136719	0
1126621184.137207	0
1126621184.137695	0
1126621184.138184	0
1126621184.138672	0
1126621184.139160	0
1126621184.139648	0
1126621184.140137	0
1126621184.140625	0
1126621184.141113	0
1126621184.141602	0
1126621184.142090	0
1126621184.142578	0
1126621184.143066	0
1126621184.143555	0
1126621184.144043	0
1126621184.144531	0
1126621184.145020	0
1126621184.145508	0
1126621184.145996	0
1126621184.146484	0
1126621184.146973	0
1126621184.147461	0
1126621184.147949	0
1126621184.148438	0
1126621184.148926	0
1126621184.149414	0
1126621184.149902	0
1126621184.150391	0
1126621184.150879	0
1126621184.151367	0
1126621184.151855	0
1126621184.152344	0
1126621184.152832	0
1126621184.153320	0
1126621184.153809	0
1126621184.154297	0
1126621184.154785	0
1126621184.155273	0
1126621184.155762	0
1126621184.156250	0
1126621184.156738	0
1126621184.157227	0
1126621184.157715	0
1126621184.158203	0
1126621184.158691	0
1126621184.159180	0
1126621184.159668	0
1126621184.160156	0
1126621184.160645	0
1126621184.161133	0
1126621184.161621	0
1126621184.162109	0
1126621184.162598	0
1126621184.163086	0
1126621184.163574	0
1126621184.164062	0
1126621184.164551	0
1126621184.165039	0
1126621184.165527	0
1126621184.166016	0
1126621184.166504	0
1126621184.166992	0
1126621184.167480	0
1126621184.167969	0
1126621184.168457	0
1126621184.168945	0
1126621184.169434	0
1126621184.169922	0
1126621184.170410	0
1126621184.170898	0
1126621184.171387	0
1126621184.171875	0
1126621184.172363	0
1126621184.172852	0
1126621184.173340	0
1126621184.173828	0
1126621184.174316	0
1126621184.174805	0
1126621184.175293	0
1126621184.175781	0
1126621184.176270	0
1126621184.176758	0
1126621184.177246	0
1126621184.177734	0
1126621184.178223	0
1126621184.178711	0
1126621184.179199	0
1126621184.179688	0
1126621184.180176	0
1126621184.180664	0
1126621184.181152	0
1126621184.181641	0
1126621184.182129	0
1126621184.182617	0
1126621184.183105	0
1126621184.183594	0
1126621184.184082	0
1126621184.184570	0
1126621184.185059	0
1126621184.185547	0
1126621184.186035	0
1126621184.186523	0
1126621184.187012	0
1126621184.187500	0
1126621184.187988	0
1126621184.188477	0
1126621184.188965	0
1126621184.189453	0
1126621184.189941	0
1126621184.190430	0
1126621184.190918	0
1126621184.191406	0
1126621184.191895	0
1126621184.192383	0
1126621184.192871	0
1126621184.193359	0
1126621184.193848	0
1126621184.194336	0
1126621184.194824	0
1126621184.195312	0
1126621184.195801	0
1126621184.196289	0
1126621184.196777	0
1126621184.197266	0
1126621184.197754	0
1126621184.198242	0
1126621184.198730	0
1126621184.199219	0
1126621184.199707	0
1126621184.200195	0
1126621184.200684	0
1126621184.201172	0
1126621184.201660	0
1126621184.202148	0
1126621184.202637	0
1126621184.203125	0
1126621184.203613	0
1126621184.204102	0
1126621184.204590	0
1126621184.205078	0
1126621184.205566	0
1126621184.206055	0
1126621184.206543	0
1126621184.207031	0
1126621184.207520	0
1126621184.208008	0
1126621184.208496	0
1126621184.208984	0
1126621184.209473	0
1126621184.209961	0
1126621184.210449	0
1126621184.210938	0
1126621184.211426	0
1126621184.211914	0
1126621184.212402	0
1126621184.212891	0
1126621184.213379	0
1126621184.213867	0
1126621184.214355	0
1126621184.214844	0
1126621184.215332	0
1126621184.215820	0
1126621184.216309	0
1126621184.216797	0
1126621184.217285	0
1126621184.217773	0
1126621184.218262	0
1126621184.218750	0
1126621184.219238	0
1126621184.219727	0
1126621184.220215	0
1126621184.220703	0
1126621184.221191	0
1126621184.221680	0
1126621184.222168	0
1126621184.222656	0
1126621184.223145	0
1126621184.223633	0
1126621184.224121	0
1126621184.224609	0
1126621184.225098	0
1126621184.225586	0
1126621184.226074	0
1126621184.226562	0
1126621184.227051	0
1126621184.227539	0
1126621184.228027	0
1126621184.228516	0
1126621184.229004	0
1126621184.229492	0
1126621184.229980	0
1126621184.230469	0
1126621184.230957	0
1126621184.231445	0
1126621184.231934	0
1126621184.232422	0
1126621184.232910	0
1126621184.233398	0
1126621184.233887	0
1126621184.234375	0
1126621184.234863	0
1126621184.235352	0
1126621184.235840	0
1126621184.236328	0
1126621184.236816	0
1126621184.237305	0
1126621184.237793	0
1126621184.238281	0
1126621184.238770	0
1126621184.239258	0
1126621184.239746	0
1126621184.240234	0
1126621184.240723	0
1126621184.241211	0
1126621184.241699	0
1126621184.242188	0
1126621184.242676	0
1126621184.243164	0
1126621184.243652	0
1126621184.244141	0
1126621184.244629	0
1126621184.245117	0
1126621184.245605	0
1126621184.246094	0
1126621184.246582	0
1126621184.247070	0
1126621184.247559	0
1126621184.248047	0
1126621184.248535	0
1126621184.249023	0
1126621184.249512	0
1126621184.250000	0
1126621184.250488	0
1126621184.250977	0
1126621184.251465	0
1126621184.251953	0
1126621184.252441	0
1126621184.252930	0
1126621184.253418	0
1126621184.253906	0
1126621184.254395	0
1126621184.254883	0
1126621184.255371	0
1126621184.255859	0
1126621184.256348	0
1126621184.256836	0
1126621184.257324	0
1126621184.257812	0
1126621184.258301	0
1126621184.258789	0
1126621184.259277	0
1126621184.259766	0
1126621184.260254	0
1126621184.260742	0
1126621184.261230	0
1126621184.261719	0
1126621184.262207	0
1126621184.262695	0
1126621184.263184	0
1126621184.263672	0
1126621184.264160	0
1126621184.264648	0
1126621184.265137	0
1126621184.265625	0
1126621184.266113	0
1126621184.266602	0
1126621184.267090	0
1126621184.267578	0
1126621184.268066	0
1126621184.268555	0
1126621184.269043	0
1126621184.269531	0
1126621184.270020	0
1126621184.270508	0
1126621184.270996	0
1126621184.271484	0
1126621184.271973	0
1126621184.272461	0
1126621184.272949	0
1126621184.273438	0
1126621184.273926	0
1126621184.274414	0
1126621184.274902	0
1126621184.275391	0
1126621184.275879	0
1126621184.276367	0
1126621184.276855	0
1126621184.277344	0
1126621184.277832	0
1126621184.278320	0
1126621184.278809	0
1126621184.279297	0
1126621184.279785	0
1126621184.280273	0
1126621184.280762	0
1126621184.281250	0
1126621184.281738	0
1126621184.282227	0
1126621184.282715	0
1126621184.283203	0
1126621184.283691	0
1126621184.284180	0
1126621184.284668	0
1126621184.285156	0
1126621184.285645	0
1126621184.286133	0
1126621184.286621	0
1126621184.287109	0
1126621184.287598	0
1126621184.288086	0
1126621184.288574	0
1126621184.289062	0
1126621184.289551	0
1126621184.290039	0
1126621184.290527	0
1126621184.291016	0
1126621184.291504	0
1126621184.291992	0
1126621184.292480	0
1126621184.292969	0
1126621184.293457	0
1126621184.293945	0
1126621184.294434	0
1126621184.294922	0
1126621184.295410	0
1126621184.295898	0
1126621184.296387	0
1126621184.296875	0
1126621184.297363	0
1126621184.297852	0
1126621184.298340	0
1126621184.298828	0
1126621184.299316	0
1126621184.299805	0
1126621184.300293	0
1126621184.300781	0
1126621184.301270	0
1126621184.301758	0
1126621184.302246	0
1126621184.302734	0
1126621184.303223	0
1126621184.303711	0
1126621184.304199	0
1126621184.304688	0
1126621184.305176	0
1126621184.305664	0
1126621184.306152	0
1126621184.306641	0
1126621184.307129	0
1126621184.307617	0
1126621184.308105	0
1126621184.308594	0
1126621184.309082	0
1126621184.309570	0
1126621184.310059	0
1126621184.310547	0
1126621184.311035	0
1126621184.311523	0
1126621184.312012	0
1126621184.312500	0
1126621184.312988	0
1126621184.313477	0
1126621184.313965	0
1126621184.314453	0
1126621184.314941	0
1126621184.315430	0
1126621184.315918	0
1126621184.316406	0
1126621184.316895	0
1126621184.317383	0
1126621184.317871	0
1126621184.318359	0
1126621184.318848	0
1126621184.319336	0
1126621184.319824	0
1126621184.320312	0
1126621184.320801	0
1126621184.321289	0
1126621184.321777	0
1126621184.322266	0
1126621184.322754	0
1126621184.323242	0
1126621184.323730	0
1126621184.324219	0
1126621184.324707	0
1126621184.325195	0
1126621184.325684	0
1126621184.326172	0
1126621184.326660	0
1126621184.327148	0
1126621184.327637	0
1126621184.328125	0
1126621184.328613	0
1126621184.329102	0
1126621184.329590	0
1126621184.330078	0
1126621184.330566	0
1126621184.331055	0
1126621184.331543	0
1126621184.332031	0
1126621184.332520	0
1126621184.333008	0
1126621184.333496	0
1126621184.333984	0
1126621184.334473	0
1126621184.334961	0
1126621184.335449	0
1126621184.335938	0
1126621184.336426	0
1126621184.336914	0
1126621184.337402	0
1126621184.337891	0
1126621184.338379	0
1126621184.338867	0
1126621184.339355	0
1126621184.339844	0
1126621184.340332	0
1126621184.340820	0
1126621184.341309	0
1126621184.341797	0
1126621184.342285	0
1126621184.342773	0
1126621184.343262	0
1126621184.343750	0
1126621184.344238	0
1126621184.344727	0
1126621184.345215	0
1126621184.345703	0
1126621184.346191	0
1126621184.346680	0
1126621184.347168	0
1126621184.347656	0
1126621184.348145	0
1126621184.348633	0
1126621184.349121	0
1126621184.349609	0
1126621184.350098	0
1126621184.350586	0
1126621184.351074	0
1126621184.351562	0
1126621184.352051	0
1126621184.352539	0
1126621184.353027	0
1126621184.353516	0
1126621184.354004	0
1126621184.354492	0
1126621184.354980	0
1126621184.355469	0
1126621184.355957	0
1126621184.356445	0
1126621184.356934	0
1126621184.357422	0
1126621184.357910	0
1126621184.358398	0
1126621184.358887	0
1126621184.359375	0
1126621184.359863	0
1126621184.360352	0
1126621184.360840	0
1126621184.361328	0
1126621184.361816	0
1126621184.362305	0
1126621184.362793	0
1126621184.363281	0
1126621184.363770	0
1126621184.364258	0
1126621184.364746	0
1126621184.365234	0
1126621184.365723	0
1126621184.366211	0
1126621184.366699	0
1126621184.367188	0
1126621184.367676	0
1126621184.368164	0
1126621184.368652	0
1126621184.369141	0
1126621184.369629	0
1126621184.370117	0
1126621184.370605	0
1126621184.371094	0
1126621184.371582	0
1126621184.372070	0
1126621184.372559	0
1126621184.373047	0
1126621184.373535	0
1126621184.374023	0
1126621184.374512	0
1126621184.375000	0
1126621184.375488	0
1126621184.375977	0
1126621184.376465	0
1126621184.376953	0
1126621184.377441	0
1126621184.377930	0
1126621184.378418	0
1126621184.378906	0
1126621184.379395	0
1126621184.379883	0
1126621184.380371	0
1126621184.380859	0
1126621184.381348	0
1126621184.381836	0
1126621184.382324	0
1126621184.382812	0
1126621184.383301	0
1126621184.383789	0
1126621184.384277	0
1126621184.384766	0
1126621184.385254	0
1126621184.385742	0
1126621184.386230	0
1126621184.386719	0
1126621184.387207	0
1126621184.387695	0
1126621184.388184	0
1126621184.388672	0
1126621184.389160	0
1126621184.389648	0
1126621184.390137	0
1126621184.390625	0
1126621184.391113	0
1126621184.391602	0
1126621184.392090	0
1126621184.392578	0
1126621184.393066	0
1126621184.393555	0
1126621184.394043	0
1126621184.394531	0
1126621184.395020	0
1126621184.395508	0
1126621184.395996	0
1126621184.396484	0
1126621184.396973	0
1126621184.397461	0
1126621184.397949	0
1126621184.398438	0
1126621184.398926	0
1126621184.399414	0
1126621184.399902	0
1126621184.400391	0
1126621184.400879	0
1126621184.401367	0
1126621184.401855	0
1126621184.402344	0
1126621184.402832	0
1126621184.403320	0
1126621184.403809	0
1126621184.404297	0
1126621184.404785	0
1126621184.405273	0
1126621184.405762	0
1126621184.406250	0
1126621184.406738	0
1126621184.407227	0
1126621184.407715	0
1126621184.408203	0
1126621184.408691	0
1126621184.409180	0
1126621184.409668	0
1126621184.410156	0
1126621184.410645	0
1126621184.411133	0
1126621184.411621	0
1126621184.412109	0
1126621184.412598	0
1126621184.413086	0
1126621184.413574	0
1126621184.414062	0
1126621184.414551	0
1126621184.415039	0
1126621184.415527	0
1126621184.416016	0
1126621184.416504	0
1126621184.416992	0
1126621184.417480	0
1126621184.417969	0
1126621184.418457	0
1126621184.418945	0
1126621184.419434	0
1126621184.419922	0
1126621184.420410	0
1126621184.420898	0
1126621184.421387	0
1126621184.421875	0
1126621184.422363	0
1126621184.422852	0
1126621184.423340	0
1126621184.423828	0
1126621184.424316	0
1126621184.424805	0
1126621184.425293	0
1126621184.425781	0
1126621184.426270	0
1126621184.426758	0
1126621184.427246	0
1126621184.427734	0
1126621184.428223	0
1126621184.428711	0
1126621184.429199	0
1126621184.429688	0
1126621184.430176	0
1126621184.430664	0
1126621184.431152	0
1126621184.431641	0
1126621184.432129	0
1126621184.432617	0
1126621184.433105	0
1126621184.433594	0
1126621184.434082	0
1126621184.434570	0
1126621184.435059	0
1126621184.435547	0
1126621184.436035	0
1126621184.436523	0
1126621184.437012	0
1126621184.437500	0
1126621184.437988	0
1126621184.438477	0
1126621184.438965	0
1126621184.439453	0
1126621184.439941	0
1126621184.440430	0
1126621184.440918	0
1126621184.441406	0
1126621184.441895	0
1126621184.442383	0
1126621184.442871	0
1126621184.443359	0
1126621184.443848	0
1126621184.444336	0
1126621184.444824	0
1126621184.445312	0
1126621184.445801	0
1126621184.446289	0
1126621184.446777	0
1126621184.447266	0
1126621184.447754	0
1126621184.448242	0
1126621184.448730	0
1126621184.449219	0
1126621184.449707	0
1126621184.450195	0
1126621184.450684	0
1126621184.451172	0
1126621184.451660	0
1126621184.452148	0
1126621184.452637	0
1126621184.453125	0
1126621184.453613	0
1126621184.454102	0
1126621184.454590	0
1126621184.455078	0
1126621184.455566	0
1126621184.456055	0
1126621184.456543	0
1126621184.457031	0
1126621184.457520	0
1126621184.458008	0
1126621184.458496	0
1126621184.458984	0
1126621184.459473	0
1126621184.459961	0
1126621184.460449	0
1126621184.460938	0
1126621184.461426	0
1126621184.461914	0
1126621184.462402	0
1126621184.462891	0
1126621184.463379	0
1126621184.463867	0
1126621184.464355	0
1126621184.464844	0
1126621184.465332	0
1126621184.465820	0
1126621184.466309	0
1126621184.466797	0
1126621184.467285	0
1126621184.467773	0
1126621184.468262	0
1126621184.468750	0
1126621184.469238	0
1126621184.469727	0
1126621184.470215	0
1126621184.470703	0
1126621184.471191	0
1126621184.471680	0
1126621184.472168	0
1126621184.472656	0
1126621184.473145	0
1126621184.473633	0
1126621184.474121	0
1126621184.474609	0
1126621184.475098	0
1126621184.475586	0
1126621184.476074	0
1126621184.476562	0
1126621184.477051	0
1126621184.477539	0
1126621184.478027	0
1126621184.478516	0
1126621184.479004	0
1126621184.479492	0
1126621184.479980	0
1126621184.480469	0
1126621184.480957	0
1126621184.481445	0
1126621184.481934	0
1126621184.482422	0
1126621184.482910	0
1126621184.483398	0
1126621184.483887	0
1126621184.484375	0
1126621184.484863	0
1126621184.485352	0
1126621184.485840	0
1126621184.486328	0
1126621184.486816	0
1126621184.487305	0
1126621184.487793	0
1126621184.488281	0
1126621184.488770	0
1126621184.489258	0
1126621184.489746	0
1126621184.490234	0
1126621184.490723	0
1126621184.491211	0
1126621184.491699	0
1126621184.492188	0
1126621184.492676	0
1126621184.493164	0
1126621184.493652	0
1126621184.494141	0
1126621184.494629	0
1126621184.495117	0
1126621184.495605	0
1126621184.496094	0
1126621184.496582	0
1126621184.497070	0
1126621184.497559	0
1126621184.498047	0
1126621184.498535	0
1126621184.499023	0
1126621184.499512	0
