0 1.54866e-24 	 0
1 -1.13779e-24 	 -9.95039e-25
2 9.97386e-26 	 1.50452e-24
3 1.07249e-24 	 -1.27463e-24
4 -1.81761e-24 	 4.0624e-25
5 1.76995e-24 	 6.89402e-25
6 -9.34769e-25 	 -1.48322e-24
7 -3.07356e-25 	 1.58059e-24
8 1.37184e-24 	 -9.15476e-25
9 -1.74087e-24 	 -2.06643e-25
10 1.21005e-24 	 1.24169e-24
11 4.1449e-27 	 -1.65912e-24
12 -1.35029e-24 	 1.19913e-24
13 2.18775e-24 	 -1.44169e-26
14 -2.08469e-24 	 -1.37545e-24
15 1.03281e-24 	 2.30553e-24
16 5.23718e-25 	 -2.27e-24
17 -1.86739e-24 	 1.17411e-24
18 2.32384e-24 	 5.84895e-25
19 -1.57951e-24 	 -2.25615e-24
20 -1.42439e-25 	 3.04515e-24
21 2.13541e-24 	 -2.46924e-24
22 -3.48292e-24 	 6.05247e-25
23 3.44695e-24 	 1.88636e-24
24 -1.81069e-24 	 -3.98623e-24
25 -9.73317e-25 	 4.71174e-24
26 3.90405e-24 	 -3.52922e-24
27 -5.78784e-24 	 6.14958e-25
28 5.69756e-24 	 3.14887e-24
29 -3.35685e-24 	 -6.45449e-24
30 -7.04414e-25 	 8.02733e-24
31 5.29077e-24 	 -7.09328e-24
32 -8.93204e-24 	 3.67888e-24
33 1.03821e-23 	 1.36918e-24
34 -9.04302e-24 	 -6.65235e-24
35 5.16285e-24 	 1.06768e-23
36 2.59079e-25 	 -1.23314e-23
37 -5.81392e-24 	 1.12187e-23
38 1.01407e-23 	 -7.73126e-24
39 -1.23331e-23 	 2.86436e-24
40 1.21583e-23 	 2.14884e-24
41 -1.00325e-23 	 -6.23606e-24
42 6.78706e-24 	 8.77714e-24
43 -3.33542e-24 	 -9.69986e-24
44 3.71962e-25 	 9.3746e-24
45 1.7933e-24 	 -8.37723e-24
46 -3.22626e-24 	 7.2299e-24
47 4.22047e-24 	 -6.22181e-24
48 -5.09289e-24 	 5.36575e-24
49 6.0171e-24 	 -4.48301e-24
50 -6.95798e-24 	 3.35771e-24
51 7.7193e-24 	 -1.88119e-24
52 -8.06543e-24 	 1.22547e-25
53 7.85102e-24 	 1.69719e-24
54 -7.09695e-24 	 -3.30426e-24
55 5.98249e-24 	 4.49069e-24
56 -4.76488e-24 	 -5.19548e-24
57 3.66958e-24 	 5.51395e-24
58 -2.80411e-24 	 -5.637e-24
59 2.13262e-24 	 5.75391e-24
60 -1.51779e-24 	 -5.96605e-24
61 8.04989e-25 	 6.25001e-24
62 9.3618e-26 	 -6.48294e-24
63 -1.1539e-24 	 6.51322e-24
64 2.25154e-24 	 -6.24016e-24
65 -3.22122e-24 	 5.66489e-24
66 3.93224e-24 	 -4.89062e-24
67 -4.34445e-24 	 4.07541e-24
68 4.51969e-24 	 -3.36244e-24
69 -4.58631e-24 	 2.82118e-24
70 4.67607e-24 	 -2.42607e-24
71 -4.86439e-24 	 2.07987e-24
72 5.1411e-24 	 -1.66811e-24
73 -5.42316e-24 	 1.11711e-24
74 5.60068e-24 	 -4.288e-25
75 -5.59237e-24 	 -3.22667e-25
76 5.38417e-24 	 1.02809e-24
77 -5.03384e-24 	 -1.59491e-24
78 4.64164e-24 	 1.9881e-24
79 -4.30277e-24 	 -2.24186e-24
80 4.06514e-24 	 2.43828e-24
81 -3.91182e-24 	 -2.66492e-24
82 3.77515e-24 	 2.97251e-24
83 -3.57399e-24 	 -3.35269e-24
84 3.25524e-24 	 3.74521e-24
85 -2.81966e-24 	 -4.06959e-24
86 2.32071e-24 	 4.265e-24
87 -1.83816e-24 	 -4.31895e-24
88 1.4404e-24 	 4.27181e-24
89 -1.15361e-24 	 -4.19611e-24
90 9.52369e-25 	 4.16155e-24
91 -7.74957e-25 	 -4.20305e-24
92 5.55007e-25 	 4.30669e-24
93 -2.53801e-25 	 -4.41957e-24
94 -1.22183e-25 	 4.47754e-24
95 5.26092e-25 	 -4.43712e-24
96 -8.94606e-25 	 4.29605e-24
97 1.17871e-24 	 -4.09328e-24
98 -1.36637e-24 	 3.88931e-24
99 1.48672e-24 	 -3.73698e-24
100 -1.59441e-24 	 3.65716e-24
101 1.74249e-24 	 -3.63052e-24
102 -1.95716e-24 	 3.60887e-24
103 2.22632e-24 	 -3.53977e-24
104 -2.50689e-24 	 3.39208e-24
105 2.7466e-24 	 -3.17047e-24
106 -2.90942e-24 	 2.91212e-24
107 2.99216e-24 	 -2.66807e-24
108 -3.02491e-24 	 2.4786e-24
109 3.05545e-24 	 -2.35462e-24
110 -3.12583e-24 	 2.27388e-24
111 3.2525e-24 	 -2.19306e-24
112 -3.41947e-24 	 2.06957e-24
113 3.58713e-24 	 -1.88225e-24
114 -3.7122e-24 	 1.64103e-24
115 3.76866e-24 	 -1.38134e-24
116 -3.75981e-24 	 1.14658e-24
117 3.71583e-24 	 -9.67186e-25
118 -3.67861e-24 	 8.46741e-25
119 3.6814e-24 	 -7.61306e-25
120 -3.73338e-24 	 6.72013e-25
121 3.81615e-24 	 -5.44392e-25
122 -3.89366e-24 	 3.64964e-25
123 3.93024e-24 	 -1.47219e-25
124 -3.90794e-24 	 -7.55566e-26
125 3.83477e-24 	 2.66769e-25
126 -3.74031e-24 	 -4.04106e-25
127 3.66102e-24 	 4.8976e-25
128 -3.62274e-24 	 -5.48578e-25
129 3.62877e-24 	 6.15388e-25
130 -3.65913e-24 	 -7.17901e-25
131 3.68104e-24 	 8.63538e-25
132 -3.66523e-24 	 -1.0364e-24
133 3.60011e-24 	 1.20555e-24
134 -3.49702e-24 	 -1.34034e-24
135 3.3843e-24 	 1.42516e-24
136 -3.29335e-24 	 -1.46656e-24
137 3.24358e-24 	 1.48954e-24
138 -3.2335e-24 	 -1.525e-24
139 3.24216e-24 	 1.59477e-24
140 -3.23989e-24 	 -1.70131e-24
141 3.20291e-24 	 1.82705e-24
142 -3.1248e-24 	 -1.94344e-24
143 3.01925e-24 	 2.025e-24
144 -2.91302e-24 	 -2.06161e-24
145 2.83284e-24 	 2.06302e-24
146 -2.79258e-24 	 -2.05374e-24
147 2.78697e-24 	 2.06083e-24
148 -2.79464e-24 	 -2.10089e-24
149 2.78894e-24 	 2.17225e-24
150 -2.75097e-24 	 -2.25626e-24
151 2.67857e-24 	 2.32674e-24
152 -2.58702e-24 	 -2.36278e-24
153 2.5013e-24 	 2.35876e-24
154 -2.44382e-24 	 -2.32674e-24
155 2.42368e-24 	 2.29023e-24
156 -2.43258e-24 	 -2.27263e-24
157 2.44924e-24 	 2.28586e-24
158 -2.44996e-24 	 -2.32491e-24
159 2.42014e-24 	 2.3706e-24
160 -2.36109e-24 	 -2.39914e-24
161 2.28904e-24 	 2.39372e-24
162 -2.22694e-24 	 -2.3525e-24
163 2.19312e-24 	 2.28916e-24
164 -2.19247e-24 	 -2.22595e-24
165 2.21428e-24 	 2.18275e-24
166 -2.23764e-24 	 -2.16752e-24
167 2.24167e-24 	 2.17267e-24
168 -2.21554e-24 	 -2.17906e-24
169 2.16332e-24 	 2.16557e-24
170 -2.10166e-24 	 -2.11933e-24
171 2.05126e-24 	 2.0419e-24
172 -2.02665e-24 	 -1.94828e-24
173 2.02912e-24 	 1.85949e-24
174 -2.04622e-24 	 -1.79239e-24
175 2.05791e-24 	 1.75174e-24
176 -2.04631e-24 	 -1.72825e-24
177 2.0042e-24 	 1.70354e-24
178 -1.93829e-24 	 -1.65939e-24
179 1.86558e-24 	 1.58674e-24
180 -1.8049e-24 	 -1.49013e-24
181 1.76775e-24 	 1.38544e-24
182 -1.75282e-24 	 -1.2922e-24
183 1.74691e-24 	 1.22425e-24
184 -1.73157e-24 	 -1.18332e-24
185 1.69226e-24 	 1.1586e-24
186 -1.62541e-24 	 -1.13234e-24
187 1.54008e-24 	 1.08873e-24
188 -1.45349e-24 	 -1.02167e-24
189 1.38261e-24 	 9.37631e-25
190 -1.33614e-24 	 -8.5238e-25
191 1.31047e-24 	 7.83227e-25
192 -1.29186e-24 	 -7.40622e-25
193 1.26336e-24 	 7.2321e-25
194 -1.21321e-24 	 -7.18677e-25
195 1.14061e-24 	 7.09886e-25
196 -1.05603e-24 	 -6.83242e-25
197 9.75983e-25 	 6.35192e-25
198 -9.15058e-25 	 -5.73732e-25
199 8.78877e-25 	 5.14287e-25
200 -8.6158e-25 	 -4.72037e-25
201 8.48896e-25 	 4.54489e-25
202 -8.2524e-25 	 -4.57886e-25
203 7.81338e-25 	 4.69149e-25
204 -7.18651e-25 	 -4.72312e-25
205 6.4851e-25 	 4.56265e-25
206 -5.86466e-25 	 -4.20023e-25
207 5.4466e-25 	 3.72993e-25
208 -5.25965e-25 	 -3.30196e-25
209 5.22717e-25 	 3.04836e-25
210 -5.2058e-25 	 -3.01868e-25
211 5.05599e-25 	 3.1567e-25
212 -4.70966e-25 	 -3.32904e-25
213 4.20203e-25 	 3.3908e-25
214 -3.65287e-25 	 -3.25589e-25
215 3.20676e-25 	 2.93779e-25
216 -2.96224e-25 	 -2.54131e-25
217 2.9243e-25 	 2.21005e-25
218 -3.00301e-25 	 -2.05582e-25
219 3.05839e-25 	 2.10453e-25
220 -2.969e-25 	 -2.28461e-25
221 2.69056e-25 	 2.46308e-25
222 -2.27622e-25 	 -2.51101e-25
223 1.84919e-25 	 2.36602e-25
224 -1.54162e-25 	 -2.06169e-25
225 1.42998e-25 	 1.70974e-25
226 -1.49838e-25 	 -1.44453e-25
227 1.64733e-25 	 1.35723e-25
228 -1.74312e-25 	 -1.45197e-25
229 1.68314e-25 	 1.64493e-25
230 -1.44531e-25 	 -1.80626e-25
231 1.09756e-25 	 1.82386e-25
232 -7.63489e-26 	 -1.65773e-25
233 5.61297e-26 	 1.35841e-25
234 -5.46135e-26 	 -1.04119e-25
235 6.83909e-26 	 8.29046e-26
236 -8.68848e-26 	 -7.92608e-26
237 9.75769e-26 	 9.164e-26
238 -9.21142e-26 	 -1.10744e-25
239 7.03113e-26 	 1.24153e-25
240 -4.01269e-26 	 -1.2241e-25
241 1.36737e-26 	 1.036e-25
242 -1.25434e-27 	 -7.41842e-26
243 6.35227e-27 	 4.57498e-26
244 -2.40044e-26 	 -2.93025e-26
245 4.33089e-26 	 2.99091e-26
246 -5.27958e-26 	 -4.43023e-26
247 4.60119e-26 	 6.25754e-26
248 -2.45949e-26 	 -7.30942e-26
249 -2.62976e-27 	 6.81923e-26
250 2.40427e-26 	 -4.7866e-26
251 -3.09342e-26 	 1.96901e-26
252 2.1723e-26 	 4.95915e-27
253 -2.65076e-27 	 -1.64901e-26
254 -1.53443e-26 	 1.1747e-26
255 2.2008e-26 	 4.53138e-27
256 -1.27575e-26 	 -2.21182e-26
257 -9.15104e-27 	 3.03547e-26
258 3.43e-26 	 -2.33588e-26
259 -5.17705e-26 	 2.84563e-27
260 5.44824e-26 	 2.279e-26
261 -4.26018e-26 	 -4.26385e-26
262 2.3378e-26 	 4.86224e-26
263 -7.52756e-27 	 -3.94032e-26
264 3.96735e-27 	 2.09593e-26
265 -1.5482e-26 	 -3.58884e-27
266 3.74287e-26 	 -3.16135e-27
267 -6.00776e-26 	 -4.85482e-27
268 7.34081e-26 	 2.44187e-26
269 -7.19955e-26 	 -4.65975e-26
270 5.76043e-26 	 6.11664e-26
271 -3.8247e-26 	 -6.16152e-26
272 2.42066e-26 	 4.82905e-26
273 -2.29923e-26 	 -2.81607e-26
274 3.57025e-26 	 1.13518e-26
275 -5.65534e-26 	 -6.17917e-27
276 7.57702e-26 	 1.51137e-26
277 -8.43967e-26 	 -3.36412e-26
278 7.86562e-26 	 5.2543e-26
279 -6.1741e-26 	 -6.24496e-26
280 4.2184e-26 	 5.84221e-26
281 -2.96401e-26 	 -4.23267e-26
282 3.01636e-26 	 2.18636e-26
283 -4.3291e-26 	 -6.75851e-27
284 6.2334e-26 	 4.00243e-27
285 -7.77092e-26 	 -1.44731e-26
286 8.16487e-26 	 3.25724e-26
287 -7.19794e-26 	 -4.90286e-26
288 5.31341e-26 	 5.54634e-26
289 -3.39291e-26 	 -4.84793e-26
290 2.32225e-26 	 3.1275e-26
291 -2.55948e-26 	 -1.20246e-26
292 3.91578e-26 	 -1.57376e-28
293 -5.65446e-26 	 -3.27118e-28
294 6.85633e-26 	 1.28605e-26
295 -6.87096e-26 	 -3.09706e-26
296 5.63232e-26 	 4.55457e-26
297 -3.68615e-26 	 -4.93094e-26
298 1.91829e-26 	 4.03565e-26
299 -1.1193e-26 	 -2.30341e-26
300 1.5996e-26 	 5.76037e-27
301 -3.0425e-26 	 3.12535e-27
302 4.66492e-26 	 5.63234e-28
303 -5.60428e-26 	 -1.48499e-26
304 5.34088e-26 	 3.26141e-26
305 -3.94887e-26 	 -4.51133e-26
306 2.05496e-26 	 4.62662e-26
307 -5.27443e-27 	 -3.55988e-26
308 4.99375e-28 	 1.84253e-26
309 -7.89038e-27 	 -3.20006e-27
310 2.31742e-26 	 -2.64142e-27
311 -3.82783e-26 	 -3.69158e-27
312 4.5308e-26 	 1.902e-26
313 -4.04038e-26 	 -3.5798e-26
314 2.55935e-26 	 4.58364e-26
315 -7.7517e-27 	 -4.43089e-26
316 -4.80061e-27 	 3.20812e-26
317 6.37487e-27 	 -1.52399e-26
318 3.32606e-27 	 2.07289e-27
319 -1.91067e-26 	 1.00087e-27
320 3.28631e-26 	 7.44545e-27
321 -3.75669e-26 	 -2.31887e-26
322 3.06916e-26 	 3.84652e-26
323 -1.54101e-26 	 -4.57939e-26
324 -1.00355e-27 	 4.16313e-26
325 1.07644e-26 	 -2.80719e-26
326 -9.38822e-27 	 1.17801e-26
327 -2.14109e-27 	 -6.9521e-28
328 1.78944e-26 	 1.40034e-28
329 -2.99343e-26 	 -1.02387e-26
330 3.22116e-26 	 2.58963e-26
331 -2.35076e-26 	 -3.93311e-26
332 7.99277e-27 	 4.39009e-26
333 6.85524e-27 	 -3.73429e-26
334 -1.39347e-26 	 2.28482e-26
335 9.99126e-27 	 -7.45971e-27
336 2.81811e-27 	 -1.39999e-27
337 -1.80199e-26 	 -4.38189e-28
338 2.80218e-26 	 1.18757e-26
339 -2.78345e-26 	 -2.71235e-26
340 1.74932e-26 	 3.85695e-26
341 -2.00332e-27 	 -4.05163e-26
342 -1.11441e-26 	 3.19559e-26
343 1.56548e-26 	 -1.70294e-26
344 -9.50246e-27 	 2.9648e-27
345 -4.11149e-27 	 3.48128e-27
346 1.83615e-26 	 6.74111e-28
347 -2.6164e-26 	 -1.32075e-26
348 2.36462e-26 	 2.78139e-26
349 -1.20188e-26 	 -3.72206e-26
350 -3.05095e-27 	 3.67532e-26
351 1.4244e-26 	 -2.66052e-26
352 -1.61823e-26 	 1.17097e-26
353 8.04796e-27 	 7.07402e-28
354 6.04766e-27 	 -4.68031e-27
355 -1.91099e-26 	 -1.58516e-27
356 2.47043e-26 	 1.4861e-26
357 -2.01028e-26 	 -2.85107e-26
358 7.59522e-27 	 3.57601e-26
359 6.66505e-27 	 -3.30145e-26
360 -1.56984e-26 	 2.15968e-26
361 1.51217e-26 	 -7.06716e-27
362 -5.27723e-27 	 -3.52794e-27
363 -8.96518e-27 	 5.11631e-27
364 2.06216e-26 	 2.9282e-27
365 -2.40268e-26 	 -1.65067e-26
366 1.75995e-26 	 2.88319e-26
367 -4.58984e-27 	 -3.37682e-26
368 -8.54349e-27 	 2.88319e-26
369 1.53176e-26 	 -1.63844e-26
370 -1.24014e-26 	 2.44521e-27
371 1.22862e-27 	 6.27905e-27
372 1.27333e-26 	 -5.68385e-27
373 -2.26853e-26 	 -3.73898e-27
374 2.38346e-26 	 1.71703e-26
375 -1.57298e-26 	 -2.78507e-26
376 2.45458e-27 	 3.04037e-26
377 9.40076e-27 	 -2.34612e-26
378 -1.3984e-26 	 1.03099e-26
379 9.04481e-27 	 2.74657e-27
380 2.98322e-27 	 -9.49356e-27
381 -1.62017e-26 	 6.84916e-27
382 2.4157e-26 	 3.64496e-27
383 -2.30053e-26 	 -1.6607e-26
384 1.33801e-26 	 2.5476e-26
385 -5.55527e-29 	 -2.57346e-26
386 -1.04174e-26 	 1.71126e-26
387 1.29315e-26 	 -3.69597e-27
388 -6.31769e-27 	 -8.09947e-27
389 -6.10489e-27 	 1.2685e-26
390 1.81819e-26 	 -8.03288e-27
391 -2.39571e-26 	 -3.35033e-27
392 2.05912e-26 	 1.56779e-26
393 -9.73733e-27 	 -2.27378e-26
394 -3.29455e-27 	 2.09403e-26
395 1.21601e-26 	 -1.10634e-26
396 -1.25965e-26 	 -2.15271e-27
397 4.50036e-27 	 1.23506e-26
398 8.0445e-27 	 -1.46809e-26
399 -1.87925e-26 	 8.17111e-27
400 2.24104e-26 	 3.81853e-27
401 -1.7088e-26 	 -1.52663e-26
402 5.40708e-27 	 2.04557e-26
403 6.94772e-27 	 -1.67763e-26
404 -1.39922e-26 	 5.98724e-27
405 1.23785e-26 	 6.66905e-27
406 -3.02198e-27 	 -1.5056e-26
407 -9.36992e-27 	 1.51572e-26
408 1.86267e-26 	 -7.03471e-27
409 -2.01487e-26 	 -5.22217e-27
410 1.31547e-26 	 1.55236e-26
411 -1.04532e-27 	 -1.87757e-26
412 -1.02861e-26 	 1.33738e-26
413 1.53568e-26 	 -1.97117e-27
414 -1.1781e-26 	 -9.84446e-27
415 1.42396e-27 	 1.63065e-26
416 1.05352e-26 	 -1.42988e-26
417 -1.81611e-26 	 4.87139e-27
418 1.76779e-26 	 7.2962e-27
419 -9.31058e-27 	 -1.62078e-26
420 -2.84524e-27 	 1.7498e-26
421 1.28517e-26 	 -1.05652e-26
422 -1.58507e-26 	 -1.15351e-27
423 1.04415e-26 	 1.18887e-26
424 6.48878e-28 	 -1.63816e-26
425 -1.19242e-26 	 1.24617e-26
426 1.78288e-26 	 -2.09678e-27
427 -1.54726e-26 	 -9.5927e-27
428 6.03615e-27 	 1.68609e-26
429 5.8296e-27 	 -1.61585e-26
430 -1.43022e-26 	 7.8632e-27
431 1.52505e-26 	 3.92499e-27
432 -8.25353e-27 	 -1.34137e-26
433 -3.21076e-27 	 1.59687e-26
434 1.34904e-26 	 -1.03817e-26
435 -1.75429e-26 	 -5.52751e-28
436 1.34058e-26 	 1.14283e-26
437 -3.14439e-27 	 -1.68919e-26
438 -8.18143e-27 	 1.42705e-26
439 1.50145e-26 	 -4.86982e-27
440 -1.403e-26 	 -6.68517e-27
441 5.75588e-27 	 1.47353e-26
442 5.704e-27 	 -1.53687e-26
443 -1.4701e-26 	 8.33192e-27
444 1.68205e-26 	 2.86366e-27
445 -1.10424e-26 	 -1.2683e-26
446 2.25608e-28 	 1.62932e-26
447 1.03133e-26 	 -1.19325e-26
448 -1.54206e-26 	 1.75988e-27
449 1.2633e-26 	 9.22243e-27
450 -3.37445e-27 	 -1.5637e-26
451 -7.76178e-27 	 1.43717e-26
452 1.52818e-26 	 -6.09626e-27
453 -1.54917e-26 	 -5.08422e-27
454 8.30188e-27 	 1.36601e-26
455 2.74519e-27 	 -1.54274e-26
456 -1.22303e-26 	 9.545e-27
457 1.55254e-26 	 1.06866e-27
458 -1.10604e-26 	 -1.11853e-26
459 1.07971e-27 	 1.58435e-26
460 9.47725e-27 	 -1.27828e-26
461 -1.54126e-26 	 3.54014e-27
462 1.38218e-26 	 7.32117e-27
463 -5.5087e-27 	 -1.44651e-26
464 -5.42637e-27 	 1.4405e-26
465 1.36142e-26 	 -7.20569e-27
466 -1.50575e-26 	 -3.56456e-27
467 9.08653e-27 	 1.26017e-26
468 1.32742e-27 	 -1.54771e-26
469 -1.10468e-26 	 1.08067e-26
470 1.52991e-26 	 -9.16723e-28
471 -1.2017e-26 	 -9.31509e-27
472 2.84072e-27 	 1.48652e-26
473 7.70393e-27 	 -1.30302e-26
474 -1.44402e-26 	 4.74336e-27
475 1.40839e-26 	 5.90015e-27
476 -6.84718e-27 	 -1.3667e-26
477 -3.6818e-27 	 1.47593e-26
478 1.23146e-26 	 -8.67172e-27
479 -1.48165e-26 	 -1.57526e-27
480 9.98041e-27 	 1.0934e-26
481 -2.06089e-28 	 -1.48163e-26
482 -9.69378e-27 	 1.13427e-26
483 1.48662e-26 	 -2.25364e-27
484 -1.27999e-26 	 -7.9617e-27
485 4.54713e-27 	 1.42804e-26
486 5.80836e-27 	 -1.36135e-26
487 -1.31694e-26 	 6.31364e-27
488 1.39315e-26 	 4.01347e-27
489 -7.74582e-27 	 -1.22928e-26
490 -2.32391e-27 	 1.44772e-26
491 1.13198e-26 	 -9.52904e-27
492 -1.48313e-26 	 -8.36893e-29
493 1.11574e-26 	 9.61446e-27
494 -2.1297e-27 	 -1.43777e-26
495 -7.80172e-27 	 1.20484e-26
496 1.37639e-26 	 -3.79332e-27
497 -1.28543e-26 	 -6.31682e-27
498 5.55678e-27 	 1.33174e-26
499 4.51066e-27 	 -1.37902e-26
500 -1.23851e-26 	 7.53446e-27
501 1.42009e-26 	 2.34856e-27
502 -9.08189e-27 	 -1.09918e-26
503 -4.40257e-28 	 1.41588e-26
504 9.68344e-27 	 -1.03201e-26
505 -1.41218e-26 	 1.39237e-27
506 1.16064e-26 	 8.21656e-27
507 -3.40959e-27 	 -1.3782e-26
508 -6.4139e-27 	 1.25828e-26
509 1.30289e-26 	 -5.22828e-27
510 -1.31965e-26 	 -4.65412e-27
511 6.85719e-27 	 1.22119e-26
512 2.85313e-27 	 -1.37539e-26
513 -1.11555e-26 	 8.55714e-27
514 1.39807e-26 	 7.90719e-28
515 -9.96331e-27 	 -9.67542e-27
516 1.10153e-27 	 1.37293e-26
517 8.23772e-27 	 -1.09743e-26
518 -1.34717e-26 	 2.78349e-27
519 1.20522e-26 	 6.80648e-27
520 -4.70809e-27 	 -1.30873e-26
521 -4.92575e-27 	 1.29927e-26
522 1.21046e-26 	 -6.59705e-27
523 -1.33074e-26 	 -2.93353e-27
524 7.96111e-27 	 1.09078e-26
525 1.28989e-27 	 -1.34183e-26
526 -9.894e-27 	 9.25598e-27
527 1.36342e-26 	 -4.93705e-28
528 -1.06969e-26 	 -8.54467e-27
529 2.5528e-27 	 1.34157e-26
530 6.77763e-27 	 -1.17386e-26
531 -1.27078e-26 	 4.35638e-27
532 1.23389e-26 	 5.08979e-27
533 -5.87653e-27 	 -1.19586e-26
534 -3.48179e-27 	 1.28909e-26
535 1.11279e-26 	 -7.45403e-27
536 -1.3311e-26 	 -1.65661e-27
537 8.97575e-27 	 9.95239e-27
538 -2.71289e-28 	 -1.33619e-26
539 -8.51594e-27 	 1.02285e-26
540 1.30743e-26 	 -2.11495e-27
541 -1.11842e-26 	 -6.97556e-27
542 3.79993e-27 	 1.25737e-26
543 5.42969e-27 	 -1.19405e-26
544 -1.19632e-26 	 5.40613e-27
545 1.25994e-26 	 3.80278e-27
546 -7.04514e-27 	 -1.11576e-26
547 -1.95103e-27 	 1.30559e-26
548 9.95885e-27 	 -8.58754e-27
549 -1.30478e-26 	 -2.80845e-29
550 9.71567e-27 	 8.54242e-27
551 -1.61825e-27 	 -1.27714e-26
552 -7.2543e-27 	 1.06503e-26
553 1.25447e-26 	 -3.24092e-27
554 -1.16698e-26 	 -5.80023e-27
555 5.08306e-27 	 1.20261e-26
556 3.95791e-27 	 -1.23861e-26
557 -1.10006e-26 	 6.71985e-27
558 1.25886e-26 	 2.17292e-27
559 -7.95613e-27 	 -9.91722e-27
560 -6.03941e-28 	 1.27166e-26
561 8.87606e-27 	 -9.21613e-27
562 -1.27985e-26 	 1.16049e-27
563 1.04582e-26 	 7.47297e-27
564 -3.02363e-27 	 -1.2435e-26
565 -5.8384e-27 	 1.12932e-26
566 1.17719e-26 	 -4.62143e-27
567 -1.18738e-26 	 -4.29062e-27
568 6.1158e-27 	 1.10618e-26
569 2.65e-27 	 -1.23753e-26
570 -1.01013e-26 	 7.60474e-27
571 1.25736e-26 	 8.85294e-28
572 -8.85917e-27 	 -8.91021e-27
573 7.93967e-28 	 1.25267e-26
574 7.65312e-27 	 -9.96963e-27
575 -1.23362e-26 	 2.51371e-27
576 1.09699e-26 	 6.16177e-27
577 -4.24782e-27 	 -1.17875e-26
578 -4.50717e-27 	 1.16042e-26
579 1.09826e-26 	 -5.71445e-27
580 -1.19988e-26 	 -2.97522e-27
581 7.06836e-27 	 1.01902e-26
582 1.37081e-27 	 -1.23923e-26
583 -9.16178e-27 	 8.51696e-27
584 1.2476e-26 	 -4.89754e-28
585 -9.69449e-27 	 -7.72784e-27
586 2.19794e-27 	 1.20912e-26
587 6.31926e-27 	 -1.0461e-26
588 -1.16709e-26 	 3.65049e-27
589 1.12377e-26 	 4.98161e-27
590 -5.25136e-27 	 -1.11885e-26
591 -3.32683e-27 	 1.19252e-26
592 1.02683e-26 	 -6.84257e-27
593 -1.21594e-26 	 -1.54729e-27
594 8.07806e-27 	 9.11306e-27
595 -4.1081e-29 	 -1.21391e-26
596 -7.99391e-27 	 9.15126e-27
597 1.2079e-26 	 -1.63644e-27
598 -1.0217e-26 	 -6.69552e-27
599 3.33898e-27 	 1.17412e-26
600 5.16007e-27 	 -1.10223e-26
601 -1.10965e-26 	 4.90084e-27
602 1.15571e-26 	 3.60529e-27
603 -6.32865e-27 	 -1.03121e-26
604 -2.00301e-27 	 1.19293e-26
605 9.33081e-27 	 -7.67677e-27
606 -1.20497e-26 	 -3.38125e-28
607 8.8288e-27 	 8.16291e-27
608 -1.26079e-27 	 -1.19481e-26
609 -6.92713e-27 	 9.84048e-27
610 1.1711e-26 	 -2.88997e-27
611 -1.07496e-26 	 -5.47262e-27
612 4.53234e-27 	 1.11283e-26
613 3.86764e-27 	 -1.12972e-26
614 -1.03106e-26 	 5.90358e-27
615 1.16288e-26 	 2.39299e-27
616 -7.18276e-27 	 -9.51088e-27
617 -8.29455e-28 	 1.19571e-26
618 8.45916e-27 	 -8.54383e-27
619 -1.19531e-26 	 9.68184e-28
620 9.5995e-27 	 7.02915e-27
621 -2.56572e-27 	 -1.15081e-26
622 -5.68156e-27 	 1.02682e-26
623 1.10864e-26 	 -3.92727e-27
624 -1.10003e-26 	 -4.38765e-27
625 5.48158e-27 	 1.05841e-26
626 2.73812e-27 	 -1.16191e-26
627 -9.60385e-27 	 6.99427e-27
628 1.17348e-26 	 1.00404e-27
629 -8.08663e-27 	 -8.4353e-27
630 4.6052e-28 	 1.16465e-26
631 7.38825e-27 	 -9.06882e-27
632 -1.16017e-26 	 1.9851e-27
633 1.01174e-26 	 6.10694e-27
634 -3.67939e-27 	 -1.12202e-26
635 -4.53346e-27 	 1.08408e-26
636 1.04763e-26 	 -5.16214e-27
637 -1.123e-26 	 -3.01537e-27
638 6.43514e-27 	 9.66745e-27
639 1.53645e-27 	 -1.1528e-26
640 -8.7542e-27 	 7.69459e-27
641 1.16659e-26 	 -6.74059e-29
642 -8.8447e-27 	 -7.59114e-27
643 1.68695e-27 	 1.15114e-26
644 6.2804e-27 	 -9.77138e-27
645 -1.11393e-26 	 3.23837e-27
646 1.05089e-26 	 4.86318e-27
647 -4.71376e-27 	 -1.0543e-26
648 -3.38182e-27 	 1.101e-26
649 9.78805e-27 	 -6.04298e-27
650 -1.13552e-26 	 -1.90568e-27
651 7.32145e-27 	 8.92185e-27
652 3.17159e-28 	 -1.15584e-26
653 -7.79465e-27 	 8.53007e-27
654 1.14316e-26 	 -1.34116e-27
655 -9.44504e-27 	 -6.46046e-27
656 2.82196e-27 	 1.10332e-26
657 5.17249e-27 	 -1.01325e-26
658 -1.06059e-26 	 4.21178e-27
659 1.08147e-26 	 3.80651e-27
660 -5.71151e-27 	 -9.97365e-27
661 -2.17769e-27 	 1.12596e-26
662 8.96194e-27 	 -7.04153e-27
663 -1.13027e-26 	 -5.94923e-28
664 8.05518e-27 	 7.88777e-27
665 -8.26432e-28 	 -1.12529e-26
666 -6.82106e-27 	 9.04693e-27
667 1.11264e-26 	 -2.371e-27
668 -9.98062e-27 	 -5.477e-27
669 3.9605e-27 	 1.06299e-26
670 3.96149e-27 	 -1.05549e-26
671 -9.88482e-27 	 5.29662e-27
672 1.09017e-26 	 2.55079e-27
673 -6.52488e-27 	 -9.12546e-27
674 -1.07804e-27 	 1.12003e-26
675 8.15752e-27 	 -7.76865e-27
676 -1.12299e-26 	 5.34251e-28
677 8.79056e-27 	 6.93345e-27
678 -2.04902e-27 	 -1.09594e-26
679 -5.67209e-27 	 9.5709e-27
680 1.05764e-26 	 -3.46365e-27
681 -1.0262e-26 	 -4.34682e-27
682 4.89923e-27 	 1.0014e-26
683 2.85957e-27 	 -1.07543e-26
684 -9.19058e-27 	 6.21342e-27
685 1.09821e-26 	 1.36517e-27
686 -7.36308e-27 	 -8.25011e-27
687 1.25874e-28 	 1.10607e-26
688 7.16185e-27 	 -8.42849e-27
689 -1.09161e-26 	 1.66487e-27
690 9.29897e-27 	 5.89058e-27
691 -3.1181e-27 	 -1.05177e-26
692 -4.57733e-27 	 9.94626e-27
693 1.00017e-26 	 -4.46836e-27
694 -1.04961e-26 	 -3.21152e-27
695 5.83315e-27 	 9.31273e-27
696 1.67816e-27 	 -1.08401e-26
697 -8.33412e-27 	 7.05472e-27
698 1.08613e-26 	 1.6908e-28
699 -8.02498e-27 	 -7.27186e-27
700 1.23096e-27 	 1.07638e-26
701 6.17252e-27 	 -8.93996e-27
702 -1.0546e-26 	 2.71403e-27
703 9.74888e-27 	 4.83847e-27
704 -4.18759e-27 	 -9.99792e-27
705 -3.391e-27 	 1.02312e-26
706 9.25634e-27 	 -5.43395e-27
707 -1.05309e-26 	 -2.02478e-27
708 6.60239e-27 	 8.47366e-27
709 5.81415e-28 	 -1.07474e-26
710 -7.47722e-27 	 7.74139e-27
711 1.06925e-26 	 -9.48822e-28
712 -8.65289e-27 	 -6.28032e-27
713 2.37128e-27 	 1.03912e-26
714 5.05701e-27 	 -9.37221e-27
715 -9.98132e-27 	 3.73926e-27
716 9.99159e-27 	 3.72452e-27
717 -5.0995e-27 	 -9.34325e-27
718 -2.27393e-27 	 1.03576e-26
719 8.49508e-27 	 -6.27854e-27
720 -1.05071e-26 	 -8.78279e-28
721 7.33112e-27 	 7.5903e-27
722 -5.41538e-28 	 -1.05634e-26
723 -6.5145e-27 	 8.35032e-27
724 1.03672e-26 	 -2.05689e-27
725 -9.13007e-27 	 -5.20859e-27
726 3.42271e-27 	 9.86868e-27
727 3.94011e-27 	 -9.63656e-27
728 -9.3379e-27 	 4.63668e-27
729 1.0126e-26 	 2.66281e-27
730 -5.9327e-27 	 -8.6693e-27
731 -1.16406e-27 	 1.04346e-26
732 7.66467e-27 	 -7.10207e-27
733 -1.03718e-26 	 3.22504e-28
734 7.9612e-27 	 6.564e-27
735 -1.62793e-27 	 -1.0174e-26
736 -5.50747e-27 	 8.7436e-27
737 9.9376e-27 	 -2.99149e-27
738 -9.4931e-27 	 -4.24098e-27
739 4.40552e-27 	 9.39168e-27
740 2.81249e-27 	 -9.93052e-27
741 -8.60787e-27 	 5.60057e-27
742 1.01362e-26 	 1.46113e-27
743 -6.65787e-27 	 -7.77977e-27
744 -1.03186e-28 	 1.0254e-26
745 6.81312e-27 	 -7.67927e-27
746 -1.01707e-26 	 1.33572e-27
747 8.53013e-27 	 5.64723e-27
748 -2.70623e-27 	 -9.8334e-27
749 -4.43156e-27 	 9.16979e-27
750 9.37434e-27 	 -3.99278e-27
751 -9.70006e-27 	 -3.14246e-27
752 5.26173e-27 	 8.72297e-27
753 1.74533e-27 	 -1.00071e-26
754 -7.86782e-27 	 6.3706e-27
755 1.0095e-26 	 3.90348e-28
756 -7.33788e-27 	 -6.94752e-27
757 9.61003e-28 	 1.00797e-26
758 5.89354e-27 	 -8.2563e-27
759 -9.85443e-27 	 2.38631e-27
760 8.97924e-27 	 4.63313e-27
761 -3.70691e-27 	 -9.34522e-27
762 -3.36245e-27 	 9.43437e-27
763 8.75002e-27 	 -4.86292e-27
764 -9.81047e-27 	 -2.11424e-27
765 6.03145e-27 	 8.06247e-27
766 7.18119e-28 	 -1.00584e-26
767 -7.1111e-27 	 7.12672e-27
768 1.00009e-26 	 -7.17162e-28
769 -7.96882e-27 	 -6.01259e-27
770 2.01945e-27 	 9.75235e-27
771 4.91698e-27 	 -8.66787e-27
772 -9.4286e-27 	 3.30105e-27
773 9.30077e-27 	 3.69985e-27
774 -4.60396e-27 	 -8.88584e-27
775 -2.34387e-27 	 9.70495e-27
776 8.12045e-27 	 -5.75687e-27
777 -9.88419e-27 	 -1.01251e-27
778 6.77169e-27 	 7.27098e-27
779 -3.204e-28 	 -9.94099e-27
780 -6.29037e-27 	 7.71372e-27
781 9.80559e-27 	 -1.69141e-27
782 -8.49647e-27 	 -5.1572e-27
783 3.01002e-27 	 9.4595e-27
784 3.95123e-27 	 -9.09916e-27
785 -8.96085e-27 	 4.25682e-27
786 9.55542e-27 	 2.68043e-27
787 -5.44642e-27 	 -8.29544e-27
788 -1.33911e-27 	 9.82379e-27
789 7.45775e-27 	 -6.51425e-27
790 -9.89632e-27 	 -2.27105e-30
791 7.45522e-27 	 6.51669e-27
792 -1.33834e-27 	 -9.82228e-27
793 -5.44053e-27 	 8.29353e-27
794 9.54213e-27 	 -2.68601e-27
795 -8.9462e-27 	 -4.23627e-27
796 3.94602e-27 	 9.06247e-27
797 2.99626e-27 	 -9.41478e-27
798 -8.46241e-27 	 5.11941e-27
799 9.76157e-27 	 1.70783e-27
800 -6.25558e-27 	 -7.70363e-27
801 -3.26721e-28 	 9.91377e-27
802 6.7409e-27 	 -7.24842e-27
803 -9.82508e-27 	 1.01925e-27
804 8.05762e-27 	 5.70618e-27
805 -2.30726e-27 	 -9.61529e-27
806 -4.59425e-27 	 8.78238e-27
807 9.24669e-27 	 -3.61791e-27
808 -9.35653e-27 	 -3.33301e-27
809 4.86758e-27 	 8.64383e-27
810 2.01038e-27 	 -9.69478e-27
811 -7.8894e-27 	 5.96433e-27
812 9.8724e-27 	 7.12651e-28
813 -6.98126e-27 	 -7.0478e-27
814 6.39969e-28 	 9.91907e-27
815 6.0257e-27 	 -7.90958e-27
816 -9.72788e-27 	 2.00713e-27
817 8.63725e-27 	 4.88109e-27
818 -3.28594e-27 	 -9.36019e-27
819 -3.69286e-27 	 9.22079e-27
820 8.8613e-27 	 -4.5292e-27
821 -9.67105e-27 	 -2.40346e-27
822 5.72046e-27 	 8.1588e-27
823 1.04561e-27 	 -9.89565e-27
824 -7.29252e-27 	 6.75153e-27
825 9.93894e-27 	 -2.69802e-28
826 -7.67643e-27 	 -6.35898e-27
827 1.61647e-27 	 9.8687e-27
828 5.25525e-27 	 -8.52812e-27
829 -9.54931e-27 	 2.9961e-27
830 9.1437e-27 	 4.00095e-27
831 -4.23169e-27 	 -9.01157e-27
832 -2.77094e-27 	 9.56072e-27
833 8.41498e-27 	 -5.37152e-27
834 -9.91775e-27 	 -1.49583e-27
835 6.53623e-27 	 7.65758e-27
836 6.42674e-29 	 -1.0074e-26
837 -6.62894e-27 	 7.5488e-27
838 9.9172e-27 	 -1.32153e-27
839 -8.30115e-27 	 -5.54154e-27
840 2.57036e-27 	 9.65763e-27
841 4.45497e-27 	 -8.99565e-27
842 -9.31281e-27 	 3.87945e-27
843 9.60636e-27 	 3.16957e-27
844 -5.1873e-27 	 -8.67391e-27
845 -1.76868e-27 	 9.91439e-27
846 7.8328e-27 	 -6.27222e-27
847 -1.00132e-26 	 -4.63599e-28
848 7.23125e-27 	 6.97636e-27
849 -8.55293e-28 	 -1.00561e-26
850 -5.97195e-27 	 8.18299e-27
851 9.88204e-27 	 -2.27837e-27
852 -8.94214e-27 	 -4.74752e-27
853 3.60966e-27 	 9.42946e-27
854 3.49136e-27 	 -9.45588e-27
855 -8.86278e-27 	 4.80992e-27
856 9.85696e-27 	 2.22068e-27
857 -5.98319e-27 	 -8.17032e-27
858 -8.49062e-28 	 1.01041e-26
859 7.27043e-27 	 -7.06537e-27
860 -1.01126e-26 	 5.48959e-28
861 7.97101e-27 	 6.23511e-27
862 -1.89815e-27 	 -9.94364e-27
863 -5.11433e-27 	 8.74885e-27
864 9.61025e-27 	 -3.23999e-27
865 -9.37297e-27 	 -3.86656e-27
866 4.51858e-27 	 9.06642e-27
867 2.561e-27 	 -9.7949e-27
868 -8.3772e-27 	 5.69163e-27
869 1.00645e-26 	 1.22182e-27
870 -6.79327e-27 	 -7.53871e-27
871 1.77861e-28 	 1.01467e-26
872 6.51938e-27 	 -7.7621e-27
873 -9.99697e-27 	 1.56168e-27
874 8.54154e-27 	 5.39805e-27
875 -2.8715e-27 	 -9.6883e-27
876 -4.21836e-27 	 9.19793e-27
877 9.23549e-27 	 -4.17289e-27
878 -9.711e-27 	 -2.90692e-27
879 5.41519e-27 	 8.5515e-27
880 1.53148e-27 	 -9.9813e-27
881 -7.70559e-27 	 6.49585e-27
882 1.00687e-26 	 1.83659e-28
883 -7.46321e-27 	 -6.76523e-27
884 1.18021e-27 	 1.00097e-26
885 5.68059e-27 	 -8.32582e-27
886 -9.7401e-27 	 2.55127e-27
887 9.00427e-27 	 4.46429e-27
888 -3.84328e-27 	 -9.26599e-27
889 -3.19545e-27 	 9.49587e-27
890 8.64587e-27 	 -5.05131e-27
891 -9.83137e-27 	 -1.86966e-27
892 6.18014e-27 	 7.85566e-27
893 4.98903e-28 	 -9.96392e-27
894 -6.91265e-27 	 7.16705e-27
895 9.90824e-27 	 -8.53139e-28
896 -8.02363e-27 	 -5.8643e-27
897 2.20145e-27 	 9.68321e-27
898 4.68264e-27 	 -8.73765e-27
899 -9.24081e-27 	 3.51042e-27
900 9.24077e-27 	 3.41286e-27
901 -4.69891e-27 	 -8.62295e-27
902 -2.1366e-27 	 9.56627e-27
903 7.90001e-27 	 -5.79652e-27
904 -9.76687e-27 	 -8.1492e-28
905 6.83949e-27 	 7.00891e-27
906 -5.78973e-28 	 -9.74623e-27
907 -5.92394e-27 	 7.69958e-27
908 9.47518e-27 	 -1.89699e-27
909 -8.34654e-27 	 -4.7953e-27
910 3.11636e-27 	 9.09001e-27
911 3.62726e-27 	 -8.89511e-27
912 -8.56852e-27 	 4.33368e-27
913 9.29564e-27 	 2.32972e-27
914 -5.47874e-27 	 -7.81366e-27
915 -9.81675e-28 	 9.43631e-27
916 6.90171e-27 	 -6.42707e-27
917 -9.38446e-27 	 2.91449e-28
918 7.23847e-27 	 5.94322e-27
919 -1.54951e-27 	 -9.22307e-27
920 -4.86881e-27 	 7.96487e-27
921 8.86734e-27 	 -2.82054e-27
922 -8.50718e-27 	 -3.66009e-27
923 3.99963e-27 	 8.29403e-27
924 2.41543e-27 	 -8.82949e-27
925 -7.58403e-27 	 5.04042e-27
926 8.99042e-27 	 1.18093e-27
927 -5.98259e-27 	 -6.76981e-27
928 7.36859e-29 	 8.99986e-27
929 5.81938e-27 	 -6.81376e-27
930 -8.81678e-27 	 1.32368e-27
931 7.48375e-27 	 4.75486e-27
932 -2.51678e-27 	 -8.44755e-27
933 -3.61987e-27 	 7.97787e-27
934 7.91806e-27 	 -3.62189e-27
935 -8.30155e-27 	 -2.45013e-27
936 4.62919e-27 	 7.25586e-27
937 1.25939e-27 	 -8.46692e-27
938 -6.4662e-27 	 5.53736e-27
939 8.46243e-27 	 5.2454e-29
940 -6.31735e-27 	 -5.54431e-27
941 1.13104e-27 	 8.26435e-27
942 4.52966e-27 	 -6.92561e-27
943 -7.90271e-27 	 2.23598e-27
944 7.3795e-27 	 3.47524e-27
945 -3.27155e-27 	 -7.41559e-27
946 -2.36996e-27 	 7.69613e-27
947 6.7793e-27 	 -4.237e-27
948 -7.83318e-27 	 -1.2222e-27
949 5.07325e-27 	 5.99779e-27
950 9.8454e-29 	 -7.78251e-27
951 -5.13231e-27 	 5.76053e-27
952 7.5896e-27 	 -9.78121e-28
953 -6.32493e-27 	 -4.19735e-27
954 2.0189e-27 	 7.25052e-27
955 3.18592e-27 	 -6.74132e-27
956 -6.75185e-27 	 2.98312e-27
957 6.98406e-27 	 2.1431e-27
958 -3.83524e-27 	 -6.13124e-27
959 -1.10477e-27 	 7.07652e-27
960 5.41247e-27 	 -4.58519e-27
961 -7.02093e-27 	 -6.69649e-29
962 5.21167e-27 	 4.58767e-27
963 -9.32076e-28 	 -6.79865e-27
964 -3.69987e-27 	 5.68529e-27
965 6.44521e-27 	 -1.85958e-27
966 -6.02711e-27 	 -2.77354e-27
967 2.72324e-27 	 5.96602e-27
968 1.80647e-27 	 -6.21839e-27
969 -5.35412e-27 	 3.48293e-27
970 6.24059e-27 	 8.50867e-28
971 -4.10901e-27 	 -4.66245e-27
972 6.06098e-29 	 6.13889e-27
973 3.91426e-27 	 -4.63687e-27
974 -5.91609e-27 	 9.58335e-28
975 5.04411e-27 	 3.07567e-27
976 -1.79826e-27 	 -5.52719e-27
977 -2.20227e-27 	 5.27227e-27
978 5.02758e-27 	 -2.51316e-27
979 -5.36854e-27 	 -1.35998e-27
980 3.14134e-27 	 4.47054e-27
981 5.12921e-28 	 -5.36581e-27
982 -3.8127e-27 	 3.69424e-27
983 5.20513e-27 	 -3.3462e-28
984 -4.09543e-27 	 -3.0645e-27
985 1.09451e-27 	 4.89443e-27
986 2.31463e-27 	 -4.34676e-27
987 -4.51113e-27 	 1.7657e-27
988 4.50694e-27 	 1.55883e-27
989 -2.3878e-27 	 -4.03652e-27
990 -7.70247e-28 	 4.53734e-27
991 3.4472e-27 	 -2.90374e-27
992 -4.41065e-27 	 -1.63073e-29
993 3.2804e-27 	 2.80925e-27
994 -6.68803e-28 	 -4.18113e-27
995 -2.14909e-27 	 3.55541e-27
996 3.85883e-27 	 -1.30833e-27
997 -3.71827e-27 	 -1.45002e-27
998 1.87383e-27 	 3.42444e-27
999 7.50146e-28 	 -3.74136e-27
1000 -2.91523e-27 	 2.33012e-27
1001 3.65294e-27 	 8.50336e-29
1002 -2.69383e-27 	 -2.35686e-27
1003 5.53869e-28 	 3.46007e-27
1004 1.74143e-27 	 -2.95055e-27
1005 -3.14833e-27 	 1.13511e-27
1006 3.07623e-27 	 1.10753e-27
1007 -1.62778e-27 	 -2.7524e-27
1008 -4.85305e-28 	 3.0942e-27
1009 2.29254e-27 	 -2.04308e-27
1010 -3.00847e-27 	 1.30032e-28
1011 2.36807e-27 	 1.76141e-27
1012 -7.13956e-28 	 -2.80153e-27
1013 -1.18604e-27 	 2.57279e-27
1014 2.49423e-27 	 -1.22845e-27
1015 -2.6674e-27 	 -6.03347e-28
1016 1.67449e-27 	 2.11259e-27
1017 1.50066e-29 	 -2.66113e-27
1018 -1.65273e-27 	 2.04518e-27
1019 2.53881e-27 	 -5.62857e-28
1020 -2.3138e-27 	 -1.13017e-27
1021 1.09758e-27 	 2.30704e-27
1022 5.74339e-28 	 -2.47498e-27
1023 -1.98341e-27 	 1.57519e-27
1024 2.53029e-27 	 0
